-35584.5	0
-35579.5	1.4174e-7
-35574.5	1.4174e-7
-35569.5	0
-35564.5	9.502e-8
-35559.5	7.578e-7
-35554.5	0
-35549.5	0
-35544.5	0
-35539.5	0
-35534.5	6.628e-7
-35529.5	0
-35524.5	0
-35519.5	2.8428e-7
-35514.5	0
-35509.5	6.628e-7
-35504.5	0
-35499.5	6.153e-7
-35494.5	4.751e-8
-35489.5	3.785e-7
-35484.5	2.3676e-7
-35479.5	6.628e-7
-35474.5	4.735e-7
-35469.5	6.628e-7
-35464.5	2.8428e-7
-35459.5	2.3676e-7
-35454.5	3.318e-7
-35449.5	0.000004782
-35444.5	7.578e-7
-35439.5	8.995e-7
-35434.5	4.735e-7
-35429.5	0.0000011363
-35424.5	8.053e-7
-35419.5	5.21e-7
-35414.5	4.735e-7
-35409.5	0.0000010413
-35404.5	6.153e-7
-35399.5	0.0000017049
-35394.5	0.0000010413
-35389.5	9.946e-7
-35384.5	0.0000017049
-35379.5	0.0000013731
-35374.5	6.628e-7
-35369.5	0.0000011838
-35364.5	0.0000023201
-35359.5	0.0000017049
-35354.5	3.318e-7
-35349.5	0.0000024619
-35344.5	0.0000015623
-35339.5	0.0000024152
-35334.5	3.785e-7
-35329.5	8.995e-7
-35324.5	0.0000015623
-35319.5	0.0000013731
-35314.5	0.0000019416
-35309.5	0.0000025094
-35304.5	0.0000012781
-35299.5	0.0000011363
-35294.5	8.995e-7
-35289.5	0.000003882
-35284.5	0.0000020834
-35279.5	0.000003693
-35274.5	8.52e-7
-35269.5	0.0000024619
-35264.5	0.0000017516
-35259.5	0.0000019884
-35254.5	8.52e-7
-35249.5	0.0000014681
-35244.5	0.000004404
-35239.5	0.0000012781
-35234.5	0.0000025094
-35229.5	0.000003977
-35224.5	0.0000026044
-35219.5	0.0000020834
-35214.5	0.000004025
-35209.5	0.0000023201
-35204.5	0.0000019416
-35199.5	9.471e-7
-35194.5	0.000003835
-35189.5	0.0000017991
-35184.5	0.00000483
-35179.5	0.000003551
-35174.5	0.000004593
-35169.5	0.000006298
-35164.5	0.000003551
-35159.5	0.000004167
-35154.5	0.000004072
-35149.5	0.0000022726
-35144.5	0.000003172
-35139.5	0.0000026511
-35134.5	0.000005019
-35129.5	0.0000013731
-35124.5	0.0000025094
-35119.5	0.000004593
-35114.5	0.000004261
-35109.5	0.000004119
-35104.5	0.000005445
-35099.5	0.000003267
-35094.5	0.000007671
-35089.5	0.000004261
-35084.5	0.000004119
-35079.5	0.000005398
-35074.5	0.000007055
-35069.5	0.000006061
-35064.5	0.000003882
-35059.5	0.000004782
-35054.5	0.000006061
-35049.5	0.000006298
-35044.5	0.000008002
-35039.5	0.000007434
-35034.5	0.000007055
-35029.5	0.000006013
-35024.5	0.000006487
-35019.5	0.00000947
-35014.5	0.000006818
-35009.5	0.000007671
-35004.5	0.000009517
-34999.5	0.000008712
-34994.5	0.00001302
-34989.5	0.000006487
-34984.5	0.000010464
-34979.5	0.000008002
-34974.5	0.00000857
-34969.5	0.000006818
-34964.5	0.000006155
-34959.5	0.00000947
-34954.5	0.000009943
-34949.5	0.000009233
-34944.5	0.000013305
-34939.5	0.000009896
-34934.5	0.000011174
-34929.5	0.000010795
-34924.5	0.000009327
-34919.5	0.000010511
-34914.5	0.00000876
-34909.5	0.000014441
-34904.5	0.000016051
-34899.5	0.000017282
-34894.5	0.000010417
-34889.5	0.00001089
-34884.5	0.000017803
-34879.5	0.000010133
-34874.5	0.000010843
-34869.5	0.000012405
-34864.5	0.000014299
-34859.5	0.000012784
-34854.5	0.00001624
-34849.5	0.000014489
-34844.5	0.000013968
-34839.5	0.000013068
-34834.5	0.000016288
-34829.5	0.000013494
-34824.5	0.000013542
-34819.5	0.00001411
-34814.5	0.000013778
-34809.5	0.000017472
-34804.5	0.000016146
-34799.5	0.000015767
-34794.5	0.000017519
-34789.5	0.00001572
-34784.5	0.000015341
-34779.5	0.00001785
-34774.5	0.000020407
-34769.5	0.000017093
-34764.5	0.000016619
-34759.5	0.000016051
-34754.5	0.000017235
-34749.5	0.000023248
-34744.5	0.000021543
-34739.5	0.000016335
-34734.5	0.000024053
-34729.5	0.000018797
-34724.5	0.000021733
-34719.5	0.000028456
-34714.5	0.00006856
-34709.5	0.000021686
-34704.5	0.000015862
-34699.5	0.00003935
-34694.5	0.00003291
-34689.5	0.000024953
-34684.5	0.000021543
-34679.5	0.000017424
-34674.5	0.000022064
-34669.5	0.000023911
-34664.5	0.000024526
-34659.5	0.000024053
-34654.5	0.000021354
-34649.5	0.000019839
-34644.5	0.000018987
-34639.5	0.000025568
-34634.5	0.00002661
-34629.5	0.000026279
-34624.5	0.000022775
-34619.5	0.00002661
-34614.5	0.00002874
-34609.5	0.000023437
-34604.5	0.000025663
-34599.5	0.000026042
-34594.5	0.000023011
-34589.5	0.000027557
-34584.5	0.000029214
-34579.5	0.000019271
-34574.5	0.000025899
-34569.5	0.00002268
-34564.5	0.000022349
-34559.5	0.000025095
-34554.5	0.00002732
-34549.5	0.000024953
-34544.5	0.000027226
-34539.5	0.000020786
-34534.5	0.000026657
-34529.5	0.000029025
-34524.5	0.0000268
-34519.5	0.000027415
-34514.5	0.000029025
-34509.5	0.000029877
-34504.5	0.00003262
-34499.5	0.00003035
-34494.5	0.00003286
-34489.5	0.00003182
-34484.5	0.000031487
-34479.5	0.000024432
-34474.5	0.00003277
-34469.5	0.000029119
-34464.5	0.000028219
-34459.5	0.000026042
-34454.5	0.000027509
-34449.5	0.00003168
-34444.5	0.00003215
-34439.5	0.00002893
-34434.5	0.000030493
-34429.5	0.00003381
-34424.5	0.00003362
-34419.5	0.00004545
-34414.5	0.000030871
-34409.5	0.000028835
-34404.5	0.00002661
-34399.5	0.00003224
-34394.5	0.00005118
-34389.5	0.00003395
-34384.5	0.000028267
-34379.5	0.000024526
-34374.5	0.000030398
-34369.5	0.00003035
-34364.5	0.000031534
-34359.5	0.00003054
-34354.5	0.000030776
-34349.5	0.000029972
-34344.5	0.00003466
-34339.5	0.00003286
-34334.5	0.000027509
-34329.5	0.000028078
-34324.5	0.00003253
-34319.5	0.00003172
-34314.5	0.00003262
-34309.5	0.000025757
-34304.5	0.000028646
-34299.5	0.00003196
-34294.5	0.000031345
-34289.5	0.00002874
-34284.5	0.00003262
-34279.5	0.000024716
-34274.5	0.000029261
-34269.5	0.000027178
-34264.5	0.00003414
-34259.5	0.00003324
-34254.5	0.000025473
-34249.5	0.000025095
-34244.5	0.00002642
-34239.5	0.000024621
-34234.5	0.000027178
-34229.5	0.00002358
-34224.5	0.000028125
-34219.5	0.00003352
-34214.5	0.000028219
-34209.5	0.000026184
-34204.5	0.000028599
-34199.5	0.000026515
-34194.5	0.000031439
-34189.5	0.000027604
-34184.5	0.000027367
-34179.5	0.000026515
-34174.5	0.00002268
-34169.5	0.000026705
-34164.5	0.000026941
-34159.5	0.000022349
-34154.5	0.00003376
-34149.5	0.000026989
-34144.5	0.000027083
-34139.5	0.000025805
-34134.5	0.000026515
-34129.5	0.000026279
-34124.5	0.000024053
-34119.5	0.000027462
-34114.5	0.000024858
-34109.5	0.000025379
-34104.5	0.000024432
-34099.5	0.00001643
-34094.5	0.0000268
-34089.5	0.000022301
-34084.5	0.000022727
-34079.5	0.000021733
-34074.5	0.000025
-34069.5	0.000027415
-34064.5	0.000020928
-34059.5	0.000024574
-34054.5	0.000024384
-34049.5	0.000019223
-34044.5	0.000021023
-34039.5	0.00001695
-34034.5	0.000025047
-34029.5	0.000021306
-34024.5	0.0000241
-34019.5	0.000020313
-34014.5	0.00002249
-34009.5	0.000024384
-34004.5	0.00002481
-33999.5	0.000023296
-33994.5	0.000022585
-33989.5	0.000019129
-33984.5	0.000018655
-33979.5	0.000019366
-33974.5	0.000020597
-33969.5	0.00002178
-33964.5	0.00002126
-33959.5	0.00001965
-33954.5	0.000023153
-33949.5	0.000020975
-33944.5	0.000019223
-33939.5	0.000016667
-33934.5	0.000021543
-33929.5	0.000021638
-33924.5	0.000023958
-33919.5	0.000016098
-33914.5	0.000017282
-33909.5	0.000013447
-33904.5	0.000021165
-33899.5	0.000023011
-33894.5	0.000016714
-33889.5	0.000022444
-33884.5	0.000020028
-33879.5	0.000020218
-33874.5	0.000015909
-33869.5	0.000017141
-33864.5	0.000015909
-33859.5	0.000014536
-33854.5	0.00001624
-33849.5	0.000017472
-33844.5	0.000017898
-33839.5	0.000016619
-33834.5	0.000014204
-33829.5	0.000015341
-33824.5	0.00001695
-33819.5	0.000019887
-33814.5	0.000017613
-33809.5	0.000014441
-33804.5	0.000013542
-33799.5	0.000018845
-33794.5	0.000017282
-33789.5	0.000015341
-33784.5	0.000017141
-33779.5	0.00001302
-33774.5	0.000017708
-33769.5	0.000016619
-33764.5	0.000016288
-33759.5	0.000014584
-33754.5	0.000016856
-33749.5	0.000011221
-33744.5	0.000015862
-33739.5	0.000015957
-33734.5	0.000016524
-33729.5	0.0000134
-33724.5	0.00001572
-33719.5	0.000016904
-33714.5	0.000020454
-33709.5	0.000015104
-33704.5	0.000016288
-33699.5	0.000017141
-33694.5	0.000015814
-33689.5	0.000018419
-33684.5	0.000011742
-33679.5	0.000013637
-33674.5	0.00001501
-33669.5	0.000016667
-33664.5	0.000011316
-33659.5	0.000014347
-33654.5	0.000015341
-33649.5	0.000014394
-33644.5	0.000014157
-33639.5	0.000012358
-33634.5	0.000013873
-33629.5	0.000014299
-33624.5	0.000015767
-33619.5	0.000011553
-33614.5	0.000013068
-33609.5	0.00001572
-33604.5	0.000015531
-33599.5	0.0000134
-33594.5	0.000017613
-33589.5	0.000013211
-33584.5	0.000014299
-33579.5	0.000013211
-33574.5	0.000014063
-33569.5	0.000013163
-33564.5	0.000015862
-33559.5	0.000015341
-33554.5	0.000017141
-33549.5	0.000014867
-33544.5	0.000011032
-33539.5	0.000013589
-33534.5	0.000015388
-33529.5	0.000013494
-33524.5	0.000012642
-33519.5	0.000015199
-33514.5	0.00001482
-33509.5	0.000015104
-33504.5	0.000012358
-33499.5	0.000014299
-33494.5	0.000012121
-33489.5	0.000012121
-33484.5	0.000014678
-33479.5	0.000012121
-33474.5	0.000012689
-33469.5	0.000014536
-33464.5	0.000011506
-33459.5	0.000016477
-33454.5	0.000014441
-33449.5	0.000015199
-33444.5	0.000013257
-33439.5	0.000014915
-33434.5	0.000012121
-33429.5	0.00001302
-33424.5	0.000011647
-33419.5	0.000014347
-33414.5	0.000012594
-33409.5	0.000016335
-33404.5	0.000013921
-33399.5	0.000014204
-33394.5	0.000017093
-33389.5	0.00001501
-33384.5	0.000011032
-33379.5	0.000015057
-33374.5	0.000013494
-33369.5	0.000016619
-33364.5	0.000017187
-33359.5	0.00001733
-33354.5	0.000014962
-33349.5	0.000019366
-33344.5	0.000018608
-33339.5	0.000016761
-33334.5	0.00001965
-33329.5	0.000021543
-33324.5	0.000020454
-33319.5	0.000018797
-33314.5	0.000023011
-33309.5	0.000024384
-33304.5	0.000020597
-33299.5	0.000027936
-33294.5	0.000027652
-33289.5	0.000030445
-33284.5	0.000029687
-33279.5	0.00003603
-33274.5	0.00003911
-33269.5	0.00003963
-33264.5	0.00003892
-33259.5	0.00004294
-33254.5	0.00003703
-33249.5	0.00004635
-33244.5	0.00005417
-33239.5	0.00004976
-33234.5	0.00006089
-33229.5	0.00005961
-33224.5	0.00006974
-33219.5	0.0000634
-33214.5	0.00007457
-33209.5	0.00007628
-33204.5	0.00008741
-33199.5	0.00008177
-33194.5	0.00009205
-33189.5	0.00009205
-33184.5	0.0001116
-33179.5	0.00011316
-33174.5	0.00010104
-33169.5	0.00011042
-33164.5	0.00011709
-33159.5	0.00012003
-33154.5	0.0001251
-33149.5	0.00012661
-33144.5	0.00013684
-33139.5	0.00014001
-33134.5	0.00016364
-33129.5	0.00016236
-33124.5	0.00016889
-33119.5	0.00016179
-33114.5	0.00016581
-33109.5	0.00016643
-33104.5	0.00017784
-33099.5	0.0001831
-33094.5	0.00018395
-33089.5	0.00018125
-33084.5	0.00020109
-33079.5	0.00019716
-33074.5	0.00022074
-33069.5	0.00020521
-33064.5	0.00022367
-33059.5	0.00021572
-33054.5	0.00021624
-33049.5	0.00022225
-33044.5	0.0002233
-33039.5	0.00023537
-33034.5	0.00024285
-33029.5	0.00022775
-33024.5	0.00024811
-33019.5	0.00024886
-33014.5	0.00024564
-33009.5	0.00025526
-33004.5	0.00025616
-32999.5	0.00025729
-32994.5	0.00026061
-32989.5	0.00027197
-32984.5	0.00027727
-32979.5	0.00027694
-32974.5	0.00028622
-32969.5	0.00028409
-32964.5	0.00028011
-32959.5	0.00028063
-32954.5	0.00027779
-32949.5	0.0002947
-32944.5	0.00029138
-32939.5	0.00030066
-32934.5	0.00031293
-32929.5	0.000317
-32924.5	0.00031302
-32919.5	0.00031004
-32914.5	0.00030625
-32909.5	0.0003185
-32904.5	0.00031402
-32899.5	0.0003214
-32894.5	0.0003218
-32889.5	0.0003198
-32884.5	0.00031529
-32879.5	0.0003268
-32874.5	0.0003336
-32869.5	0.0003394
-32864.5	0.0003396
-32859.5	0.0003462
-32854.5	0.0003486
-32849.5	0.0003419
-32844.5	0.0003525
-32839.5	0.0003781
-32834.5	0.0003466
-32829.5	0.0003535
-32824.5	0.0003652
-32819.5	0.0003733
-32814.5	0.0003786
-32809.5	0.0003898
-32804.5	0.0003675
-32799.5	0.00041
-32794.5	0.0004196
-32789.5	0.0004074
-32784.5	0.0004286
-32779.5	0.000407
-32774.5	0.0004322
-32769.5	0.0004342
-32764.5	0.0004357
-32759.5	0.0004351
-32754.5	0.0004455
-32749.5	0.0004736
-32744.5	0.0004723
-32739.5	0.0004731
-32734.5	0.0004783
-32729.5	0.0004966
-32724.5	0.0005026
-32719.5	0.0004795
-32714.5	0.0005006
-32709.5	0.0005225
-32704.5	0.0005209
-32699.5	0.0005392
-32694.5	0.000532
-32689.5	0.0005711
-32684.5	0.000569
-32679.5	0.0005631
-32674.5	0.000583
-32669.5	0.000583
-32664.5	0.0006116
-32659.5	0.0006113
-32654.5	0.0006037
-32649.5	0.0006329
-32644.5	0.0006227
-32639.5	0.0006366
-32634.5	0.0006441
-32629.5	0.0006654
-32624.5	0.0006643
-32619.5	0.0006864
-32614.5	0.000684
-32609.5	0.0007232
-32604.5	0.0006828
-32599.5	0.0007148
-32594.5	0.0007111
-32589.5	0.0006964
-32584.5	0.0007269
-32579.5	0.000716
-32574.5	0.0007188
-32569.5	0.0007431
-32564.5	0.000764
-32559.5	0.0007547
-32554.5	0.0007619
-32549.5	0.0007497
-32544.5	0.0007221
-32539.5	0.0007606
-32534.5	0.000752
-32529.5	0.0007803
-32524.5	0.0007751
-32519.5	0.0007742
-32514.5	0.0007854
-32509.5	0.0007907
-32504.5	0.0007679
-32499.5	0.0007786
-32494.5	0.0007785
-32489.5	0.0007842
-32484.5	0.0007919
-32479.5	0.0007815
-32474.5	0.0007824
-32469.5	0.000786
-32464.5	0.0007464
-32459.5	0.0007629
-32454.5	0.0007805
-32449.5	0.0007618
-32444.5	0.0007897
-32439.5	0.0007846
-32434.5	0.0007626
-32429.5	0.0007698
-32424.5	0.0007598
-32419.5	0.0007636
-32414.5	0.00077
-32409.5	0.0007641
-32404.5	0.0007356
-32399.5	0.000731
-32394.5	0.0007457
-32389.5	0.0007486
-32384.5	0.0007416
-32379.5	0.000714
-32374.5	0.0007281
-32369.5	0.0007514
-32364.5	0.0007326
-32359.5	0.0007171
-32354.5	0.0007146
-32349.5	0.0007211
-32344.5	0.0007126
-32339.5	0.0007052
-32334.5	0.0007004
-32329.5	0.0006801
-32324.5	0.0006854
-32319.5	0.0006674
-32314.5	0.0006833
-32309.5	0.0006597
-32304.5	0.0006673
-32299.5	0.0006762
-32294.5	0.000649
-32289.5	0.0006486
-32284.5	0.0006622
-32279.5	0.0006606
-32274.5	0.0006421
-32269.5	0.0006378
-32264.5	0.000628
-32259.5	0.0006363
-32254.5	0.0006408
-32249.5	0.0006275
-32244.5	0.0006188
-32239.5	0.0006009
-32234.5	0.0006086
-32229.5	0.0005971
-32224.5	0.0006085
-32219.5	0.0005963
-32214.5	0.0005937
-32209.5	0.0005754
-32204.5	0.0005836
-32199.5	0.0005782
-32194.5	0.0005691
-32189.5	0.000585
-32184.5	0.0005616
-32179.5	0.0005582
-32174.5	0.0005666
-32169.5	0.0005723
-32164.5	0.0005484
-32159.5	0.000552
-32154.5	0.0005286
-32149.5	0.0005544
-32144.5	0.0005218
-32139.5	0.0005528
-32134.5	0.0005296
-32129.5	0.0005217
-32124.5	0.0005133
-32119.5	0.0005155
-32114.5	0.0005055
-32109.5	0.0005102
-32104.5	0.000516
-32099.5	0.0005117
-32094.5	0.0005117
-32089.5	0.0004992
-32084.5	0.000504
-32079.5	0.0004829
-32074.5	0.0004952
-32069.5	0.0004688
-32064.5	0.0004851
-32059.5	0.0004887
-32054.5	0.0004801
-32049.5	0.0004615
-32044.5	0.0004814
-32039.5	0.0004753
-32034.5	0.0004633
-32029.5	0.0004696
-32024.5	0.0004693
-32019.5	0.0004704
-32014.5	0.0004493
-32009.5	0.0004387
-32004.5	0.0004484
-31999.5	0.0004428
-31994.5	0.0004339
-31989.5	0.0004296
-31984.5	0.0004387
-31979.5	0.0004534
-31974.5	0.0004263
-31969.5	0.0004183
-31964.5	0.0004237
-31959.5	0.0004066
-31954.5	0.0004262
-31949.5	0.000414
-31944.5	0.0004247
-31939.5	0.0004027
-31934.5	0.0004117
-31929.5	0.0003936
-31924.5	0.0003897
-31919.5	0.0003874
-31914.5	0.0003925
-31909.5	0.0003971
-31904.5	0.000387
-31899.5	0.0003932
-31894.5	0.0003889
-31889.5	0.000384
-31884.5	0.0003788
-31879.5	0.0003761
-31874.5	0.0003577
-31869.5	0.0003667
-31864.5	0.0003706
-31859.5	0.0003632
-31854.5	0.0003679
-31849.5	0.0003616
-31844.5	0.0003605
-31839.5	0.0003556
-31834.5	0.0003634
-31829.5	0.0003583
-31824.5	0.0003504
-31819.5	0.0003439
-31814.5	0.0003386
-31809.5	0.0003366
-31804.5	0.0003464
-31799.5	0.0003285
-31794.5	0.0003311
-31789.5	0.0003328
-31784.5	0.0003326
-31779.5	0.000331
-31774.5	0.0003261
-31769.5	0.0003347
-31764.5	0.000327
-31759.5	0.0003302
-31754.5	0.0003247
-31749.5	0.00030478
-31744.5	0.0003225
-31739.5	0.00030123
-31734.5	0.00030805
-31729.5	0.0003194
-31724.5	0.00030455
-31719.5	0.00031193
-31714.5	0.0003018
-31709.5	0.00029768
-31704.5	0.00029972
-31699.5	0.00028707
-31694.5	0.00030066
-31689.5	0.00029687
-31684.5	0.00029001
-31679.5	0.00029366
-31674.5	0.00028295
-31669.5	0.0002786
-31664.5	0.00028778
-31659.5	0.00028442
-31654.5	0.00028471
-31649.5	0.00027538
-31644.5	0.00027827
-31639.5	0.00026823
-31634.5	0.00026809
-31629.5	0.00028163
-31624.5	0.00027102
-31619.5	0.00026264
-31614.5	0.00026269
-31609.5	0.00026368
-31604.5	0.00026402
-31599.5	0.00025971
-31594.5	0.0002706
-31589.5	0.00026989
-31584.5	0.00025937
-31579.5	0.00025426
-31574.5	0.00026312
-31569.5	0.00026288
-31564.5	0.00025436
-31559.5	0.0002482
-31554.5	0.00023958
-31549.5	0.00025554
-31544.5	0.0002464
-31539.5	0.00023693
-31534.5	0.00025052
-31529.5	0.00025019
-31524.5	0.0002393
-31519.5	0.00024446
-31514.5	0.00022983
-31509.5	0.00023575
-31504.5	0.00023419
-31499.5	0.00023958
-31494.5	0.0002259
-31489.5	0.00021771
-31484.5	0.00022519
-31479.5	0.00023291
-31474.5	0.0002267
-31469.5	0.00021241
-31464.5	0.00022604
-31459.5	0.00022959
-31454.5	0.00022145
-31449.5	0.00022893
-31444.5	0.00023125
-31439.5	0.00020696
-31434.5	0.00022661
-31429.5	0.00021539
-31424.5	0.00021212
-31419.5	0.00021312
-31414.5	0.00020781
-31409.5	0.00021004
-31404.5	0.00021274
-31399.5	0.00020587
-31394.5	0.00020009
-31389.5	0.0001946
-31384.5	0.00019399
-31379.5	0.00019991
-31374.5	0.00020653
-31369.5	0.0002009
-31364.5	0.00020033
-31359.5	0.00019579
-31354.5	0.00020052
-31349.5	0.00019905
-31344.5	0.00019735
-31339.5	0.00019512
-31334.5	0.00018949
-31329.5	0.00018845
-31324.5	0.00019025
-31319.5	0.00018902
-31314.5	0.00018769
-31309.5	0.00019451
-31304.5	0.00018816
-31299.5	0.00018826
-31294.5	0.00017557
-31289.5	0.00017855
-31284.5	0.00017704
-31279.5	0.00018371
-31274.5	0.00017831
-31269.5	0.00017869
-31264.5	0.00017552
-31259.5	0.00017756
-31254.5	0.00017486
-31249.5	0.00016922
-31244.5	0.00017249
-31239.5	0.00016847
-31234.5	0.00017083
-31229.5	0.00016539
-31224.5	0.00016444
-31219.5	0.00016927
-31214.5	0.00016989
-31209.5	0.00015616
-31204.5	0.00016761
-31199.5	0.00016226
-31194.5	0.0001607
-31189.5	0.00016217
-31184.5	0.00016056
-31179.5	0.00016605
-31174.5	0.00015237
-31169.5	0.00016312
-31164.5	0.00015421
-31159.5	0.00015355
-31154.5	0.00016004
-31149.5	0.0001544
-31144.5	0.0001509
-31139.5	0.00015341
-31134.5	0.00015303
-31129.5	0.00015473
-31124.5	0.00014834
-31119.5	0.00015028
-31114.5	0.00015194
-31109.5	0.00015033
-31104.5	0.00014157
-31099.5	0.00014517
-31094.5	0.00014692
-31089.5	0.00014171
-31084.5	0.00013911
-31079.5	0.0001446
-31074.5	0.0001402
-31069.5	0.00014432
-31064.5	0.00013764
-31059.5	0.00013774
-31054.5	0.00013821
-31049.5	0.00013703
-31044.5	0.00013958
-31039.5	0.00013362
-31034.5	0.00013845
-31029.5	0.00014167
-31024.5	0.00013239
-31019.5	0.00012855
-31014.5	0.00012443
-31009.5	0.00013125
-31004.5	0.00013082
-30999.5	0.00012547
-30994.5	0.00013475
-30989.5	0.00012727
-30984.5	0.00012723
-30979.5	0.00012765
-30974.5	0.00012926
-30969.5	0.00012377
-30964.5	0.00012296
-30959.5	0.00012254
-30954.5	0.00012855
-30949.5	0.00011974
-30944.5	0.00012907
-30939.5	0.0001214
-30934.5	0.0001179
-30929.5	0.00012164
-30924.5	0.00012027
-30919.5	0.00011577
-30914.5	0.00011837
-30909.5	0.00011922
-30904.5	0.00011577
-30899.5	0.00011719
-30894.5	0.00011984
-30889.5	0.00012088
-30884.5	0.00011473
-30879.5	0.00011473
-30874.5	0.00011359
-30869.5	0.00011581
-30864.5	0.00011667
-30859.5	0.00011709
-30854.5	0.00011264
-30849.5	0.00011065
-30844.5	0.00010824
-30839.5	0.00010762
-30834.5	0.00010777
-30829.5	0.00010743
-30824.5	0.00010336
-30819.5	0.00010966
-30814.5	0.00010582
-30809.5	0.00010743
-30804.5	0.00010691
-30799.5	0.0001062
-30794.5	0.0001036
-30789.5	0.00010062
-30784.5	0.00009972
-30779.5	0.00010568
-30774.5	0.00010043
-30769.5	0.00009938
-30764.5	0.00010715
-30759.5	0.00009735
-30754.5	0.00009995
-30749.5	0.00009124
-30744.5	0.00009569
-30739.5	0.00009768
-30734.5	0.0000947
-30729.5	0.00009323
-30724.5	0.0000974
-30719.5	0.0000955
-30714.5	0.0000901
-30709.5	0.00009839
-30704.5	0.00009361
-30699.5	0.00009716
-30694.5	0.00009517
-30689.5	0.00009134
-30684.5	0.00008854
-30679.5	0.00009252
-30674.5	0.00009006
-30669.5	0.00009105
-30664.5	0.00009015
-30659.5	0.00009588
-30654.5	0.00008698
-30649.5	0.00009096
-30644.5	0.00009001
-30639.5	0.00009062
-30634.5	0.00009029
-30629.5	0.000091
-30624.5	0.00008845
-30619.5	0.00008196
-30614.5	0.00008239
-30609.5	0.00008414
-30604.5	0.00008414
-30599.5	0.00008267
-30594.5	0.00008115
-30589.5	0.00008191
-30584.5	0.00008092
-30579.5	0.00007893
-30574.5	0.00007988
-30569.5	0.00008111
-30564.5	0.0000803
-30559.5	0.00008002
-30554.5	0.00007874
-30549.5	0.00007931
-30544.5	0.00007983
-30539.5	0.00007813
-30534.5	0.00007912
-30529.5	0.00007964
-30524.5	0.00007505
-30519.5	0.00007723
-30514.5	0.00007206
-30509.5	0.00007547
-30504.5	0.00007514
-30499.5	0.00007656
-30494.5	0.0000715
-30489.5	0.00007448
-30484.5	0.00007244
-30479.5	0.00007486
-30474.5	0.00007623
-30469.5	0.00007235
-30464.5	0.00007249
-30459.5	0.00006951
-30454.5	0.00007249
-30449.5	0.00006785
-30444.5	0.00006951
-30439.5	0.00007751
-30434.5	0.00007282
-30429.5	0.00006823
-30424.5	0.00007367
-30419.5	0.00007003
-30414.5	0.00006662
-30409.5	0.00006634
-30404.5	0.00007273
-30399.5	0.00006652
-30394.5	0.00007036
-30389.5	0.00006586
-30384.5	0.00006771
-30379.5	0.00006383
-30374.5	0.0000651
-30369.5	0.0000617
-30364.5	0.00006671
-30359.5	0.00006326
-30354.5	0.00006567
-30349.5	0.00006193
-30344.5	0.00006203
-30339.5	0.00006269
-30334.5	0.00006326
-30329.5	0.00006297
-30324.5	0.00006065
-30319.5	0.00006312
-30314.5	0.0000617
-30309.5	0.00006302
-30304.5	0.0000616
-30299.5	0.00006018
-30294.5	0.00006141
-30289.5	0.00006023
-30284.5	0.00005904
-30279.5	0.00006023
-30274.5	0.00005975
-30269.5	0.00005971
-30264.5	0.00005999
-30259.5	0.00005866
-30254.5	0.00005758
-30249.5	0.00005919
-30244.5	0.00005331
-30239.5	0.000058
-30234.5	0.00005388
-30229.5	0.00006098
-30224.5	0.00005568
-30219.5	0.0000527
-30214.5	0.0000554
-30209.5	0.00005445
-30204.5	0.00005559
-30199.5	0.0000544
-30194.5	0.00005653
-30189.5	0.00005563
-30184.5	0.00005038
-30179.5	0.00005223
-30174.5	0.00005151
-30169.5	0.00005227
-30164.5	0.00005445
-30159.5	0.00005251
-30154.5	0.00005114
-30149.5	0.00004919
-30144.5	0.00005469
-30139.5	0.00005412
-30134.5	0.00005118
-30129.5	0.00004806
-30124.5	0.00005151
-30119.5	0.00005199
-30114.5	0.00004972
-30109.5	0.00005369
-30104.5	0.00004924
-30099.5	0.00004948
-30094.5	0.00004796
-30089.5	0.00004834
-30084.5	0.00004882
-30079.5	0.00004976
-30074.5	0.00004929
-30069.5	0.00004792
-30064.5	0.00004754
-30059.5	0.00005076
-30054.5	0.00004673
-30049.5	0.00004697
-30044.5	0.00004806
-30039.5	0.00004522
-30034.5	0.00004697
-30029.5	0.00004403
-30024.5	0.00004692
-30019.5	0.00004493
-30014.5	0.00004394
-30009.5	0.00004441
-30004.5	0.00004356
-29999.5	0.00004347
-29994.5	0.00004437
-29989.5	0.00004588
-29984.5	0.00004522
-29979.5	0.00004276
-29974.5	0.00004195
-29969.5	0.00004067
-29964.5	0.00004408
-29959.5	0.00004484
-29954.5	0.00004133
-29949.5	0.00004209
-29944.5	0.00004489
-29939.5	0.00004205
-29934.5	0.00004313
-29929.5	0.00004138
-29924.5	0.00003816
-29919.5	0.0000438
-29914.5	0.00004086
-29909.5	0.00004181
-29904.5	0.0000402
-29899.5	0.00003722
-29894.5	0.00003935
-29889.5	0.0000384
-29884.5	0.00003854
-29879.5	0.00003816
-29874.5	0.00003707
-29869.5	0.00003977
-29864.5	0.00003745
-29859.5	0.00003632
-29854.5	0.00003759
-29849.5	0.00003565
-29844.5	0.00003608
-29839.5	0.00003821
-29834.5	0.00003793
-29829.5	0.00003551
-29824.5	0.00003622
-29819.5	0.00003414
-29814.5	0.00003996
-29809.5	0.00003523
-29804.5	0.00003546
-29799.5	0.00003636
-29794.5	0.00003717
-29789.5	0.00003494
-29784.5	0.00003466
-29779.5	0.00003778
-29774.5	0.00003366
-29769.5	0.00003466
-29764.5	0.00003447
-29759.5	0.00003376
-29754.5	0.00003433
-29749.5	0.00003442
-29744.5	0.00003277
-29739.5	0.000030919
-29734.5	0.00003333
-29729.5	0.000031345
-29724.5	0.00003376
-29719.5	0.00003248
-29714.5	0.00003314
-29709.5	0.0000321
-29704.5	0.0000331
-29699.5	0.00003305
-29694.5	0.00003329
-29689.5	0.00003163
-29684.5	0.000034
-29679.5	0.00003215
-29674.5	0.000031534
-29669.5	0.00003234
-29664.5	0.000030587
-29659.5	0.000027367
-29654.5	0.000028314
-29649.5	0.000029829
-29644.5	0.000029214
-29639.5	0.00003267
-29634.5	0.000030398
-29629.5	0.00003054
-29624.5	0.000029782
-29619.5	0.000028125
-29614.5	0.000031345
-29609.5	0.000031156
-29604.5	0.000027983
-29599.5	0.000026563
-29594.5	0.000029072
-29589.5	0.000029025
-29584.5	0.000028835
-29579.5	0.000026279
-29574.5	0.000028314
-29569.5	0.000026089
-29564.5	0.000026563
-29559.5	0.00002642
-29554.5	0.000027509
-29549.5	0.000027936
-29544.5	0.00002642
-29539.5	0.000030587
-29534.5	0.000028409
-29529.5	0.000027226
-29524.5	0.000026515
-29519.5	0.000026279
-29514.5	0.000024953
-29509.5	0.000025947
-29504.5	0.000026326
-29499.5	0.000025236
-29494.5	0.000024384
-29489.5	0.000026515
-29484.5	0.00002481
-29479.5	0.000025095
-29474.5	0.000025757
-29469.5	0.000023674
-29464.5	0.000023769
-29459.5	0.000026515
-29454.5	0.000026089
-29449.5	0.000023627
-29444.5	0.000024858
-29439.5	0.000024763
-29434.5	0.000025284
-29429.5	0.000023153
-29424.5	0.000024953
-29419.5	0.000022538
-29414.5	0.000021212
-29409.5	0.000023863
-29404.5	0.000023817
-29399.5	0.000022396
-29394.5	0.00002358
-29389.5	0.000023485
-29384.5	0.000022633
-29379.5	0.000021165
-29374.5	0.000023106
-29369.5	0.000022207
-29364.5	0.000022633
-29359.5	0.00002287
-29354.5	0.000022112
-29349.5	0.000023011
-29344.5	0.00002178
-29339.5	0.00002017
-29334.5	0.000019933
-29329.5	0.000020786
-29324.5	0.000020975
-29319.5	0.000020502
-29314.5	0.000021449
-29309.5	0.000020502
-29304.5	0.000020691
-29299.5	0.000018845
-29294.5	0.00002197
-29289.5	0.000019366
-29284.5	0.000018655
-29279.5	0.000019366
-29274.5	0.000019792
-29269.5	0.000019697
-29264.5	0.000020549
-29259.5	0.000018466
-29254.5	0.00001856
-29249.5	0.000018797
-29244.5	0.000019697
-29239.5	0.000018371
-29234.5	0.000019271
-29229.5	0.00001946
-29224.5	0.000019981
-29219.5	0.000016524
-29214.5	0.000019602
-29209.5	0.000018134
-29204.5	0.000017377
-29199.5	0.000017898
-29194.5	0.00001856
-29189.5	0.000018229
-29184.5	0.000018087
-29179.5	0.000017613
-29174.5	0.000017661
-29169.5	0.000017472
-29164.5	0.000017898
-29159.5	0.000016051
-29154.5	0.000016998
-29149.5	0.000018608
-29144.5	0.000017472
-29139.5	0.00001856
-29134.5	0.000016998
-29129.5	0.000015625
-29124.5	0.000013637
-29119.5	0.000015436
-29114.5	0.000016856
-29109.5	0.000015577
-29104.5	0.000015104
-29099.5	0.00001572
-29094.5	0.000014773
-29089.5	0.000016335
-29084.5	0.000016003
-29079.5	0.000015767
-29074.5	0.000015341
-29069.5	0.000015199
-29064.5	0.000014584
-29059.5	0.000015577
-29054.5	0.000015483
-29049.5	0.000013257
-29044.5	0.000014204
-29039.5	0.000014584
-29034.5	0.000012642
-29029.5	0.00001501
-29024.5	0.000012453
-29019.5	0.000014441
-29014.5	0.000014157
-29009.5	0.000013589
-29004.5	0.000013447
-28999.5	0.000015814
-28994.5	0.000012216
-28989.5	0.000014252
-28984.5	0.000013116
-28979.5	0.000011647
-28974.5	0.000013542
-28969.5	0.000013352
-28964.5	0.000013921
-28959.5	0.000012974
-28954.5	0.000012831
-28949.5	0.000012547
-28944.5	0.000012926
-28939.5	0.000011884
-28934.5	0.000011601
-28929.5	0.000012358
-28924.5	0.000012027
-28919.5	0.000011316
-28914.5	0.000011506
-28909.5	0.000011458
-28904.5	0.000013211
-28899.5	0.000011221
-28894.5	0.000011884
-28889.5	0.00001108
-28884.5	0.000012168
-28879.5	0.000011221
-28874.5	0.00001089
-28869.5	0.000011932
-28864.5	0.0000125
-28859.5	0.000011695
-28854.5	0.000010464
-28849.5	0.000010795
-28844.5	0.000011364
-28839.5	0.00001302
-28834.5	0.000009517
-28829.5	0.000012405
-28824.5	0.000010606
-28819.5	0.000012027
-28814.5	0.000010559
-28809.5	0.000010417
-28804.5	0.000011364
-28799.5	0.000009848
-28794.5	0.000010701
-28789.5	0.000009943
-28784.5	0.000009327
-28779.5	0.000010322
-28774.5	0.000010228
-28769.5	0.000010511
-28764.5	0.000011174
-28759.5	0.000009564
-28754.5	0.000009707
-28749.5	0.000008807
-28744.5	0.000010511
-28739.5	0.000008475
-28734.5	0.000008523
-28729.5	0.000009896
-28724.5	0.000009801
-28719.5	0.000008523
-28714.5	0.000008807
-28709.5	0.000008712
-28704.5	0.000008901
-28699.5	0.00000876
-28694.5	0.000009044
-28689.5	0.000008807
-28684.5	0.000007812
-28679.5	0.000008144
-28674.5	0.000009564
-28669.5	0.000008475
-28664.5	0.000008191
-28659.5	0.000008523
-28654.5	0.000006629
-28649.5	0.000007481
-28644.5	0.000009091
-28639.5	0.000008286
-28634.5	0.000007576
-28629.5	0.000006771
-28624.5	0.000008097
-28619.5	0.000008238
-28614.5	0.000007907
-28609.5	0.000007291
-28604.5	0.00000715
-28599.5	0.000007954
-28594.5	0.000007481
-28589.5	0.000007291
-28584.5	0.000007812
-28579.5	0.000007481
-28574.5	0.000007291
-28569.5	0.000007008
-28564.5	0.000007008
-28559.5	0.000006629
-28554.5	0.000006392
-28549.5	0.000006865
-28544.5	0.000006581
-28539.5	0.000007008
-28534.5	0.000006676
-28529.5	0.000006676
-28524.5	0.000006155
-28519.5	0.000005777
-28514.5	0.000005966
-28509.5	0.000005682
-28504.5	0.000006439
-28499.5	0.000005729
-28494.5	0.000005966
-28489.5	0.000005492
-28484.5	0.000005066
-28479.5	0.000005303
-28474.5	0.000005398
-28469.5	0.000006298
-28464.5	0.000006913
-28459.5	0.000005445
-28454.5	0.000005303
-28449.5	0.000005445
-28444.5	0.000006013
-28439.5	0.000004735
-28434.5	0.000005492
-28429.5	0.000005445
-28424.5	0.000006013
-28419.5	0.000005066
-28414.5	0.000004119
-28409.5	0.000004593
-28404.5	0.00000483
-28399.5	0.000005161
-28394.5	0.000004971
-28389.5	0.000004593
-28384.5	0.000004214
-28379.5	0.000004782
-28374.5	0.00000393
-28369.5	0.00000483
-28364.5	0.000003835
-28359.5	0.000004261
-28354.5	0.000003835
-28349.5	0.000003741
-28344.5	0.000004451
-28339.5	0.000003456
-28334.5	0.000003788
-28329.5	0.000003977
-28324.5	0.000004119
-28319.5	0.000003315
-28314.5	0.0000030304
-28309.5	0.0000031247
-28304.5	0.0000031247
-28299.5	0.000003693
-28294.5	0.000004451
-28289.5	0.000003835
-28284.5	0.0000031247
-28279.5	0.000003693
-28274.5	0.000003172
-28269.5	0.0000028879
-28264.5	0.0000029354
-28259.5	0.0000028879
-28254.5	0.00000322
-28249.5	0.000003315
-28244.5	0.0000027937
-28239.5	0.0000026986
-28234.5	0.0000025569
-28229.5	0.0000028879
-28224.5	0.0000030304
-28219.5	0.000003172
-28214.5	0.0000023201
-28209.5	0.0000026986
-28204.5	0.0000026044
-28199.5	0.0000020834
-28194.5	0.0000024152
-28189.5	0.0000019416
-28184.5	0.0000029829
-28179.5	0.0000026986
-28174.5	0.0000024619
-28169.5	0.0000020834
-28164.5	0.0000017516
-28159.5	0.0000017516
-28154.5	0.0000020359
-28149.5	0.0000016098
-28144.5	0.0000019884
-28139.5	0.0000015148
-28134.5	0.0000021309
-28129.5	0.0000012313
-28124.5	0.0000014206
-28119.5	0.0000012781
-28114.5	0.0000015623
-28109.5	0.0000013256
-28104.5	0.0000018941
-28099.5	0.0000011363
-28094.5	0.0000010888
-28089.5	0.0000011838
-28084.5	0.0000012313
-28079.5	0.0000013256
-28074.5	0.0000014206
-28069.5	0.0000013731
-28064.5	0.0000011363
-28059.5	0.0000016574
-28054.5	0.0000011838
-28049.5	5.686e-7
-28044.5	6.153e-7
-28039.5	8.053e-7
-28034.5	7.103e-7
-28029.5	0.0000012313
-28024.5	7.103e-7
-28019.5	7.578e-7
-28014.5	4.26e-7
-28009.5	7.103e-7
-28004.5	6.628e-7
-27999.5	8.995e-7
-27994.5	9.471e-7
-27989.5	4.735e-7
-27984.5	5.21e-7
-27979.5	6.153e-7
-27974.5	4.26e-7
-27969.5	6.153e-7
-27964.5	4.26e-7
-27959.5	6.153e-7
-27954.5	4.26e-7
-27949.5	4.26e-7
-27944.5	4.735e-7
-27939.5	2.3676e-7
-27934.5	3.785e-7
-27929.5	2.3676e-7
-27924.5	3.318e-7
-27919.5	2.8428e-7
-27914.5	1.8925e-7
-27909.5	3.318e-7
-27904.5	4.735e-7
-27899.5	2.3676e-7
-27894.5	3.785e-7
-27889.5	1.8925e-7
-27884.5	1.8925e-7
-27879.5	3.318e-7
-27874.5	1.8925e-7
-27869.5	4.26e-7
-27864.5	4.751e-8
-27859.5	9.502e-8
-27854.5	1.8925e-7
-27849.5	4.751e-8
-27844.5	9.502e-8
-27839.5	9.502e-8
-27834.5	9.502e-8
-27829.5	1.4174e-7
-27824.5	4.751e-8
-27819.5	9.502e-8
-27814.5	4.751e-8
-27809.5	9.502e-8
-27804.5	9.502e-8
-27799.5	9.502e-8
-27794.5	0
-27789.5	0
