-38414.5	0
-38409.5	0
-38404.5	4.748e-8
-38399.5	4.748e-8
-38394.5	0
-38389.5	4.748e-8
-38384.5	4.748e-8
-38379.5	0
-38374.5	4.748e-8
-38369.5	1.8927e-7
-38364.5	9.495e-8
-38359.5	2.3674e-7
-38354.5	0
-38349.5	4.748e-8
-38344.5	0
-38339.5	4.748e-8
-38334.5	4.748e-8
-38329.5	1.8927e-7
-38324.5	1.4179e-7
-38319.5	2.3674e-7
-38314.5	3.317e-7
-38309.5	9.495e-8
-38304.5	3.317e-7
-38299.5	2.3674e-7
-38294.5	2.8422e-7
-38289.5	1.4179e-7
-38284.5	2.8422e-7
-38279.5	4.26e-7
-38274.5	2.8422e-7
-38269.5	4.26e-7
-38264.5	2.3674e-7
-38259.5	1.8927e-7
-38254.5	8.52e-7
-38249.5	4.735e-7
-38244.5	4.26e-7
-38239.5	5.21e-7
-38234.5	5.684e-7
-38229.5	2.8422e-7
-38224.5	3.317e-7
-38219.5	3.317e-7
-38214.5	5.21e-7
-38209.5	9.944e-7
-38204.5	5.684e-7
-38199.5	9.944e-7
-38194.5	3.785e-7
-38189.5	4.735e-7
-38184.5	6.153e-7
-38179.5	4.735e-7
-38174.5	6.153e-7
-38169.5	7.102e-7
-38164.5	7.102e-7
-38159.5	0.0000010888
-38154.5	9.944e-7
-38149.5	8.52e-7
-38144.5	0.0000016097
-38139.5	8.995e-7
-38134.5	8.52e-7
-38129.5	0.0000012787
-38124.5	8.995e-7
-38119.5	0.0000011362
-38114.5	0.0000012312
-38109.5	0.0000010419
-38104.5	0.0000015154
-38099.5	8.995e-7
-38094.5	0.0000014205
-38089.5	0.0000016572
-38084.5	0.0000013255
-38079.5	0.0000013255
-38074.5	0.0000015154
-38069.5	0.0000015622
-38064.5	0.0000013255
-38059.5	0.0000014205
-38054.5	0.0000019889
-38049.5	0.0000017521
-38044.5	0.0000018939
-38039.5	0.0000019889
-38034.5	0.0000020832
-38029.5	0.00000232
-38024.5	0.0000026516
-38019.5	0.000002746
-38014.5	0.0000029359
-38009.5	0.0000022256
-38004.5	0.0000028884
-37999.5	0.0000018939
-37994.5	0.0000021782
-37989.5	0.0000027934
-37984.5	0.0000028884
-37979.5	0.0000026042
-37974.5	0.000003362
-37969.5	0.000003173
-37964.5	0.000003362
-37959.5	0.000003835
-37954.5	0.000003835
-37949.5	0.000004072
-37944.5	0.000004593
-37939.5	0.000003883
-37934.5	0.000003599
-37929.5	0.00000483
-37924.5	0.000005161
-37919.5	0.000003693
-37914.5	0.000005161
-37909.5	0.000005919
-37904.5	0.000005303
-37899.5	0.00000554
-37894.5	0.000005682
-37889.5	0.000005208
-37884.5	0.000005777
-37879.5	0.000005634
-37874.5	0.000007197
-37869.5	0.000007102
-37864.5	0.000007718
-37859.5	0.000008286
-37854.5	0.000007623
-37849.5	0.000008901
-37844.5	0.000008996
-37839.5	0.000009185
-37834.5	0.000009754
-37829.5	0.00000928
-37824.5	0.000011364
-37819.5	0.000010512
-37814.5	0.000010701
-37809.5	0.000010275
-37804.5	0.000012689
-37799.5	0.000010653
-37794.5	0.000011553
-37789.5	0.000012263
-37784.5	0.000012169
-37779.5	0.000012452
-37774.5	0.000013873
-37769.5	0.000014063
-37764.5	0.000012547
-37759.5	0.000015341
-37754.5	0.000013779
-37749.5	0.000014867
-37744.5	0.000016146
-37739.5	0.000017045
-37734.5	0.000018371
-37729.5	0.000018844
-37724.5	0.000020312
-37719.5	0.000021165
-37714.5	0.000019981
-37709.5	0.000021639
-37704.5	0.000022017
-37699.5	0.00002178
-37694.5	0.000021922
-37689.5	0.000022586
-37684.5	0.000023911
-37679.5	0.000025852
-37674.5	0.000026515
-37669.5	0.000026042
-37664.5	0.000028362
-37659.5	0.000027983
-37654.5	0.000028125
-37649.5	0.000030777
-37644.5	0.000030777
-37639.5	0.00003286
-37634.5	0.00003172
-37629.5	0.00003447
-37624.5	0.00003352
-37619.5	0.00003816
-37614.5	0.00003494
-37609.5	0.00003783
-37604.5	0.00003788
-37599.5	0.00004143
-37594.5	0.00004233
-37589.5	0.00004247
-37584.5	0.00004351
-37579.5	0.00004721
-37574.5	0.0000429
-37569.5	0.00004815
-37564.5	0.00004654
-37559.5	0.00004744
-37554.5	0.00005189
-37549.5	0.00004863
-37544.5	0.00005223
-37539.5	0.00005587
-37534.5	0.00005445
-37529.5	0.00005658
-37524.5	0.00005724
-37519.5	0.00006113
-37514.5	0.00006032
-37509.5	0.00006084
-37504.5	0.00006151
-37499.5	0.00006544
-37494.5	0.00006482
-37489.5	0.0000678
-37484.5	0.00006837
-37479.5	0.00007093
-37474.5	0.00007017
-37469.5	0.00007008
-37464.5	0.00007415
-37459.5	0.00007732
-37454.5	0.00007363
-37449.5	0.00007931
-37444.5	0.00008021
-37439.5	0.00008045
-37434.5	0.00008224
-37429.5	0.00008561
-37424.5	0.0000867
-37419.5	0.00008883
-37414.5	0.00008523
-37409.5	0.00008973
-37404.5	0.00009332
-37399.5	0.00009517
-37394.5	0.00009635
-37389.5	0.00009096
-37384.5	0.00009877
-37379.5	0.00010095
-37374.5	0.00010033
-37369.5	0.0001044
-37364.5	0.00010431
-37359.5	0.00011042
-37354.5	0.00010904
-37349.5	0.00011458
-37344.5	0.00011359
-37339.5	0.00011671
-37334.5	0.00011671
-37329.5	0.00011652
-37324.5	0.00012453
-37319.5	0.00011345
-37314.5	0.00012249
-37309.5	0.00012306
-37304.5	0.00012486
-37299.5	0.00012571
-37294.5	0.00013054
-37289.5	0.00013205
-37284.5	0.0001349
-37279.5	0.00013504
-37274.5	0.00013783
-37269.5	0.0001375
-37264.5	0.00013731
-37259.5	0.0001437
-37254.5	0.00014375
-37249.5	0.00014569
-37244.5	0.00014683
-37239.5	0.00014711
-37234.5	0.00014503
-37229.5	0.00015213
-37224.5	0.0001545
-37219.5	0.000158
-37214.5	0.00015829
-37209.5	0.00016046
-37204.5	0.00015928
-37199.5	0.00016534
-37194.5	0.00016435
-37189.5	0.00016534
-37184.5	0.00016496
-37179.5	0.00016932
-37174.5	0.00017211
-37169.5	0.00017159
-37164.5	0.00017244
-37159.5	0.00017751
-37154.5	0.00017486
-37149.5	0.00018007
-37144.5	0.00018295
-37139.5	0.00018741
-37134.5	0.00018982
-37129.5	0.00018684
-37124.5	0.00018641
-37119.5	0.00019479
-37114.5	0.00018641
-37109.5	0.00019347
-37104.5	0.00019484
-37099.5	0.00020147
-37094.5	0.00019678
-37089.5	0.00019773
-37084.5	0.00019394
-37079.5	0.00020474
-37074.5	0.00020336
-37069.5	0.00020606
-37064.5	0.00021558
-37059.5	0.00020554
-37054.5	0.00021577
-37049.5	0.0002108
-37044.5	0.00021714
-37039.5	0.00021444
-37034.5	0.00021719
-37029.5	0.00021937
-37024.5	0.00022803
-37019.5	0.00022973
-37014.5	0.00022391
-37009.5	0.00023101
-37004.5	0.00022973
-36999.5	0.00023258
-36994.5	0.00023783
-36989.5	0.00023447
-36984.5	0.00023537
-36979.5	0.00023523
-36974.5	0.00024205
-36969.5	0.00024148
-36964.5	0.00024025
-36959.5	0.00024991
-36954.5	0.00024972
-36949.5	0.00024995
-36944.5	0.00025459
-36939.5	0.00024991
-36934.5	0.00025365
-36929.5	0.00025331
-36924.5	0.00025696
-36919.5	0.00025961
-36914.5	0.00026397
-36909.5	0.00025904
-36904.5	0.00026866
-36899.5	0.00026941
-36894.5	0.00025658
-36889.5	0.0002705
-36884.5	0.00026757
-36879.5	0.00027102
-36874.5	0.00026818
-36869.5	0.00027235
-36864.5	0.00027173
-36859.5	0.00027543
-36854.5	0.00027988
-36849.5	0.00028319
-36844.5	0.00028414
-36839.5	0.00028674
-36834.5	0.00028551
-36829.5	0.00029579
-36824.5	0.00028892
-36819.5	0.00029711
-36814.5	0.00029953
-36809.5	0.00030024
-36804.5	0.00029763
-36799.5	0.00029986
-36794.5	0.00029579
-36789.5	0.00030365
-36784.5	0.00030322
-36779.5	0.00030791
-36774.5	0.0003072
-36769.5	0.00030748
-36764.5	0.0003183
-36759.5	0.0003098
-36754.5	0.0003237
-36749.5	0.0003226
-36744.5	0.0003292
-36739.5	0.0003304
-36734.5	0.000326
-36729.5	0.0003346
-36724.5	0.0003311
-36719.5	0.0003231
-36714.5	0.0003333
-36709.5	0.0003319
-36704.5	0.000333
-36699.5	0.0003376
-36694.5	0.0003408
-36689.5	0.0003439
-36684.5	0.0003384
-36679.5	0.0003438
-36674.5	0.0003481
-36669.5	0.0003505
-36664.5	0.0003499
-36659.5	0.0003612
-36654.5	0.0003618
-36649.5	0.000351
-36644.5	0.0003627
-36639.5	0.0003605
-36634.5	0.0003598
-36629.5	0.0003616
-36624.5	0.0003662
-36619.5	0.0003656
-36614.5	0.0003803
-36609.5	0.0003723
-36604.5	0.000369
-36599.5	0.0003749
-36594.5	0.0003713
-36589.5	0.0003832
-36584.5	0.0003835
-36579.5	0.0003798
-36574.5	0.0003823
-36569.5	0.0003927
-36564.5	0.000391
-36559.5	0.0003926
-36554.5	0.0003919
-36549.5	0.0004033
-36544.5	0.0003944
-36539.5	0.0004016
-36534.5	0.0003997
-36529.5	0.0004083
-36524.5	0.0003959
-36519.5	0.000405
-36514.5	0.000416
-36509.5	0.0004063
-36504.5	0.0004063
-36499.5	0.0004172
-36494.5	0.0004218
-36489.5	0.0004141
-36484.5	0.0004171
-36479.5	0.0004143
-36474.5	0.0004233
-36469.5	0.0004304
-36464.5	0.0004403
-36459.5	0.0004247
-36454.5	0.000433
-36449.5	0.0004336
-36444.5	0.0004383
-36439.5	0.0004355
-36434.5	0.0004363
-36429.5	0.0004408
-36424.5	0.0004448
-36419.5	0.0004436
-36414.5	0.000445
-36409.5	0.0004497
-36404.5	0.0004416
-36399.5	0.0004593
-36394.5	0.000456
-36389.5	0.0004579
-36384.5	0.0004603
-36379.5	0.0004593
-36374.5	0.0004587
-36369.5	0.0004663
-36364.5	0.0004652
-36359.5	0.0004597
-36354.5	0.000472
-36349.5	0.0004666
-36344.5	0.0004703
-36339.5	0.0004535
-36334.5	0.0004704
-36329.5	0.0004782
-36324.5	0.0004882
-36319.5	0.0004769
-36314.5	0.0004859
-36309.5	0.0004813
-36304.5	0.0004863
-36299.5	0.0004894
-36294.5	0.0004786
-36289.5	0.0004938
-36284.5	0.0004852
-36279.5	0.0005055
-36274.5	0.0005053
-36269.5	0.000497
-36264.5	0.0005004
-36259.5	0.0004953
-36254.5	0.0005036
-36249.5	0.0005084
-36244.5	0.0005019
-36239.5	0.0005175
-36234.5	0.0005054
-36229.5	0.0005038
-36224.5	0.000515
-36219.5	0.0005122
-36214.5	0.0005266
-36209.5	0.000517
-36204.5	0.0005283
-36199.5	0.0005187
-36194.5	0.0005272
-36189.5	0.0005322
-36184.5	0.0005222
-36179.5	0.0005282
-36174.5	0.0005359
-36169.5	0.000525
-36164.5	0.0005228
-36159.5	0.0005389
-36154.5	0.0005446
-36149.5	0.0005336
-36144.5	0.0005401
-36139.5	0.0005427
-36134.5	0.0005449
-36129.5	0.000546
-36124.5	0.0005508
-36119.5	0.0005493
-36114.5	0.0005521
-36109.5	0.0005443
-36104.5	0.0005557
-36099.5	0.0005627
-36094.5	0.0005434
-36089.5	0.0005527
-36084.5	0.0005443
-36079.5	0.0005591
-36074.5	0.0005613
-36069.5	0.0005651
-36064.5	0.0005595
-36059.5	0.0005741
-36054.5	0.0005588
-36049.5	0.0005667
-36044.5	0.0005596
-36039.5	0.0005571
-36034.5	0.0005657
-36029.5	0.0005733
-36024.5	0.000572
-36019.5	0.0005757
-36014.5	0.0005696
-36009.5	0.0005917
-36004.5	0.0005781
-35999.5	0.0005789
-35994.5	0.0005941
-35989.5	0.0005755
-35984.5	0.0005723
-35979.5	0.0005815
-35974.5	0.0005801
-35969.5	0.0005875
-35964.5	0.0005834
-35959.5	0.0005918
-35954.5	0.0005796
-35949.5	0.0005718
-35944.5	0.0005901
-35939.5	0.0005991
-35934.5	0.0005951
-35929.5	0.0006022
-35924.5	0.0006001
-35919.5	0.0006033
-35914.5	0.0006005
-35909.5	0.0005969
-35904.5	0.0005962
-35899.5	0.0005974
-35894.5	0.0005993
-35889.5	0.000613
-35884.5	0.0006007
-35879.5	0.0005903
-35874.5	0.0006052
-35869.5	0.0006001
-35864.5	0.0006217
-35859.5	0.0006089
-35854.5	0.0006037
-35849.5	0.0006182
-35844.5	0.0006219
-35839.5	0.0006109
-35834.5	0.0006233
-35829.5	0.0006061
-35824.5	0.0006066
-35819.5	0.0006037
-35814.5	0.0006181
-35809.5	0.000612
-35804.5	0.0006158
-35799.5	0.000633
-35794.5	0.0006224
-35789.5	0.0006091
-35784.5	0.000621
-35779.5	0.0006124
-35774.5	0.0006285
-35769.5	0.0006133
-35764.5	0.0006155
-35759.5	0.0006192
-35754.5	0.0006267
-35749.5	0.0006125
-35744.5	0.0006242
-35739.5	0.0006236
-35734.5	0.0006097
-35729.5	0.0006317
-35724.5	0.0006188
-35719.5	0.0006171
-35714.5	0.0006236
-35709.5	0.0006208
-35704.5	0.0006164
-35699.5	0.0006235
-35694.5	0.000619
-35689.5	0.000604
-35684.5	0.0006131
-35679.5	0.000606
-35674.5	0.0006143
-35669.5	0.000615
-35664.5	0.000609
-35659.5	0.0006024
-35654.5	0.0006174
-35649.5	0.0006231
-35644.5	0.0006184
-35639.5	0.0006071
-35634.5	0.0006123
-35629.5	0.0006076
-35624.5	0.0005989
-35619.5	0.000596
-35614.5	0.000589
-35609.5	0.0006039
-35604.5	0.0005951
-35599.5	0.0005712
-35594.5	0.000571
-35589.5	0.000592
-35584.5	0.0005839
-35579.5	0.0005869
-35574.5	0.0005754
-35569.5	0.0005835
-35564.5	0.0005827
-35559.5	0.0005789
-35554.5	0.0005647
-35549.5	0.0005687
-35544.5	0.0005624
-35539.5	0.0005792
-35534.5	0.0005632
-35529.5	0.0005661
-35524.5	0.0005487
-35519.5	0.000549
-35514.5	0.0005645
-35509.5	0.0005425
-35504.5	0.0005496
-35499.5	0.000551
-35494.5	0.0005409
-35489.5	0.0005555
-35484.5	0.0005346
-35479.5	0.0005233
-35474.5	0.0005293
-35469.5	0.0005314
-35464.5	0.0005154
-35459.5	0.0005238
-35454.5	0.0005325
-35449.5	0.0005135
-35444.5	0.0005152
-35439.5	0.0005293
-35434.5	0.0004992
-35429.5	0.0005029
-35424.5	0.0005026
-35419.5	0.0005126
-35414.5	0.0005003
-35409.5	0.0004954
-35404.5	0.0004822
-35399.5	0.000498
-35394.5	0.0004782
-35389.5	0.0004779
-35384.5	0.0004634
-35379.5	0.0004812
-35374.5	0.0004589
-35369.5	0.0004607
-35364.5	0.0004526
-35359.5	0.0004509
-35354.5	0.0004341
-35349.5	0.0004404
-35344.5	0.00045
-35339.5	0.0004398
-35334.5	0.0004427
-35329.5	0.000422
-35324.5	0.0004188
-35319.5	0.0004163
-35314.5	0.0004002
-35309.5	0.0004
-35304.5	0.0004116
-35299.5	0.0003899
-35294.5	0.0003992
-35289.5	0.0003983
-35284.5	0.0003936
-35279.5	0.0003931
-35274.5	0.0003732
-35269.5	0.0003891
-35264.5	0.0003678
-35259.5	0.0003818
-35254.5	0.0003511
-35249.5	0.0003532
-35244.5	0.0003494
-35239.5	0.000363
-35234.5	0.0003556
-35229.5	0.0003373
-35224.5	0.0003396
-35219.5	0.0003258
-35214.5	0.0003253
-35209.5	0.0003187
-35204.5	0.0003205
-35199.5	0.00031364
-35194.5	0.00030369
-35189.5	0.00030076
-35184.5	0.00031103
-35179.5	0.00028651
-35174.5	0.00028229
-35169.5	0.00029025
-35164.5	0.0002785
-35159.5	0.00027311
-35154.5	0.00026733
-35149.5	0.00026146
-35144.5	0.00026241
-35139.5	0.00025857
-35134.5	0.00025445
-35129.5	0.00024654
-35124.5	0.00024418
-35119.5	0.00023224
-35114.5	0.00023149
-35109.5	0.00023518
-35104.5	0.00022879
-35099.5	0.00021941
-35094.5	0.00022107
-35089.5	0.0002044
-35084.5	0.00021506
-35079.5	0.00021269
-35074.5	0.00019456
-35069.5	0.00019214
-35064.5	0.00018783
-35059.5	0.00018916
-35054.5	0.00018281
-35049.5	0.00018097
-35044.5	0.00018267
-35039.5	0.00016941
-35034.5	0.00017481
-35029.5	0.00016837
-35024.5	0.00015961
-35019.5	0.00015653
-35014.5	0.00015507
-35009.5	0.00015952
-35004.5	0.00015256
-34999.5	0.00013991
-34994.5	0.00014091
-34989.5	0.00013778
-34984.5	0.00012609
-34979.5	0.00013314
-34974.5	0.00012718
-34969.5	0.00012912
-34964.5	0.00012704
-34959.5	0.00012098
-34954.5	0.0001125
-34949.5	0.00010999
-34944.5	0.00011941
-34939.5	0.00011984
-34934.5	0.00011136
-34929.5	0.00010161
-34924.5	0.00010658
-34919.5	0.0001044
-34914.5	0.00009839
-34909.5	0.00010194
-34904.5	0.00008916
-34899.5	0.00009512
-34894.5	0.00009654
-34889.5	0.00008565
-34884.5	0.00008925
-34879.5	0.00009006
-34874.5	0.00008404
-34869.5	0.00007652
-34864.5	0.00007533
-34859.5	0.00007419
-34854.5	0.00007571
-34849.5	0.00007135
-34844.5	0.00006828
-34839.5	0.00007216
-34834.5	0.00006804
-34829.5	0.00006018
-34824.5	0.00006761
-34819.5	0.00006103
-34814.5	0.00006141
-34809.5	0.00005781
-34804.5	0.0000608
-34799.5	0.0000545
-34794.5	0.00005559
-34789.5	0.00004872
-34784.5	0.00005204
-34779.5	0.00004853
-34774.5	0.00005052
-34769.5	0.00004915
-34764.5	0.00004252
-34759.5	0.00004181
-34754.5	0.00005284
-34749.5	0.00004886
-34744.5	0.00004224
-34739.5	0.00004422
-34734.5	0.00004039
-34729.5	0.00004801
-34724.5	0.0000438
-34719.5	0.00003504
-34714.5	0.00008205
-34709.5	0.00003452
-34704.5	0.00003187
-34699.5	0.000029545
-34694.5	0.000028883
-34689.5	0.00003286
-34684.5	0.00003239
-34679.5	0.000029688
-34674.5	0.000024148
-34669.5	0.000028172
-34664.5	0.000024337
-34659.5	0.000024337
-34654.5	0.000022869
-34649.5	0.000019555
-34644.5	0.0000259
-34639.5	0.000020407
-34634.5	0.000020692
-34629.5	0.000025331
-34624.5	0.000019129
-34619.5	0.000019745
-34614.5	0.000017661
-34609.5	0.000014157
-34604.5	0.000015909
-34599.5	0.000019697
-34594.5	0.000015104
-34589.5	0.000014157
-34584.5	0.000022301
-34579.5	0.000014726
-34574.5	0.000014015
-34569.5	0.000011032
-34564.5	0.000013731
-34559.5	0.000013731
-34554.5	0.0000125
-34549.5	0.000011316
-34544.5	0.000011316
-34539.5	0.000009565
-34534.5	0.000006487
-34529.5	0.000007718
-34524.5	0.000007102
-34519.5	0.000009943
-34514.5	0.000008333
-34509.5	0.000004735
-34504.5	0.00000535
-34499.5	0.000006297
-34494.5	0.00000696
-34489.5	0.000005445
-34484.5	0.000004735
-34479.5	0.000012737
-34474.5	0.00000554
-34469.5	0.00003366
-34464.5	0.000006581
-34459.5	0.000006203
-34454.5	0.000004072
-34449.5	0.000005587
-34444.5	0.000006534
-34439.5	0.000004498
-34434.5	0.000004166
-34429.5	0.0000024149
-34424.5	0.000003173
-34419.5	0.0000031251
-34414.5	0.000003409
-34409.5	0.0000010888
-34404.5	0.000004451
-34399.5	0.0000029359
-34394.5	0.000006203
-34389.5	0.000004451
-34384.5	0.000005303
-34379.5	0.000003551
-34374.5	8.995e-7
-34369.5	0.0000010419
-34364.5	0.0000016572
-34359.5	8.052e-7
-34354.5	0.0000012787
-34349.5	0.0000020357
-34344.5	0.0000010888
-34339.5	0.0000017521
-34334.5	0.0000020832
-34329.5	0.0000013255
-34324.5	0.0000012312
-34319.5	8.995e-7
-34314.5	9.944e-7
-34309.5	0.0000011837
-34304.5	4.735e-7
-34299.5	4.26e-7
-34294.5	7.577e-7
-34289.5	6.628e-7
-34284.5	6.153e-7
-34279.5	0.0000015154
-34274.5	1.8927e-7
