-53119.5	0
-53114.5	0
-53109.5	9.478e-8
-53104.5	9.478e-8
-53099.5	4.739e-8
-53094.5	1.8956e-7
-53089.5	4.739e-8
-53084.5	1.4217e-7
-53079.5	0
-53074.5	9.478e-8
-53069.5	9.478e-8
-53064.5	4.739e-8
-53059.5	0
-53054.5	4.739e-8
-53049.5	0
-53044.5	9.478e-8
-53039.5	4.739e-8
-53034.5	1.8956e-7
-53029.5	4.739e-8
-53024.5	9.478e-8
-53019.5	1.8956e-7
-53014.5	1.4217e-7
-53009.5	9.478e-8
-53004.5	1.4217e-7
-52999.5	4.739e-8
-52994.5	9.478e-8
-52989.5	1.8956e-7
-52984.5	2.8434e-7
-52979.5	9.478e-8
-52974.5	4.739e-8
-52969.5	1.4217e-7
-52964.5	1.4217e-7
-52959.5	4.739e-8
-52954.5	4.739e-8
-52949.5	1.4217e-7
-52944.5	0
-52939.5	9.478e-8
-52934.5	0
-52929.5	0
-52924.5	4.739e-8
-52919.5	4.739e-8
-52914.5	4.739e-8
-52909.5	0
-52904.5	9.478e-8
-52899.5	1.4217e-7
-52894.5	9.478e-8
-52889.5	1.8956e-7
-52884.5	1.4217e-7
-52879.5	1.8956e-7
-52874.5	1.8956e-7
-52869.5	1.8956e-7
-52864.5	0
-52859.5	4.739e-8
-52854.5	9.478e-8
-52849.5	4.739e-8
-52844.5	9.478e-8
-52839.5	1.8956e-7
-52834.5	1.4217e-7
-52829.5	4.739e-8
-52824.5	1.8956e-7
-52819.5	1.8956e-7
-52814.5	9.478e-8
-52809.5	2.3695e-7
-52804.5	4.739e-8
-52799.5	4.739e-8
-52794.5	9.478e-8
-52789.5	4.739e-8
-52784.5	4.739e-8
-52779.5	2.3695e-7
-52774.5	2.8434e-7
-52769.5	4.739e-8
-52764.5	1.4217e-7
-52759.5	4.739e-8
-52754.5	4.739e-8
-52749.5	1.8956e-7
-52744.5	9.478e-8
-52739.5	1.8956e-7
-52734.5	1.4217e-7
-52729.5	0
-52724.5	9.478e-8
-52719.5	4.739e-8
-52714.5	1.8956e-7
-52709.5	1.4217e-7
-52704.5	0
-52699.5	4.739e-8
-52694.5	4.739e-8
-52689.5	4.739e-8
-52684.5	9.478e-8
-52679.5	9.478e-8
-52674.5	4.739e-8
-52669.5	0
-52664.5	2.3695e-7
-52659.5	1.4217e-7
-52654.5	4.739e-8
-52649.5	9.478e-8
-52644.5	9.478e-8
-52639.5	1.4217e-7
-52634.5	1.4217e-7
-52629.5	9.478e-8
-52624.5	1.8956e-7
-52619.5	9.478e-8
-52614.5	1.8956e-7
-52609.5	1.4217e-7
-52604.5	1.4217e-7
-52599.5	1.4217e-7
-52594.5	4.739e-8
-52589.5	1.4217e-7
-52584.5	1.4217e-7
-52579.5	4.739e-8
-52574.5	9.478e-8
-52569.5	9.478e-8
-52564.5	9.478e-8
-52559.5	1.8956e-7
-52554.5	1.4217e-7
-52549.5	9.478e-8
-52544.5	4.739e-8
-52539.5	4.739e-8
-52534.5	4.739e-8
-52529.5	9.478e-8
-52524.5	1.4217e-7
-52519.5	4.739e-8
-52514.5	9.478e-8
-52509.5	1.4217e-7
-52504.5	1.8956e-7
-52499.5	4.739e-8
-52494.5	4.739e-8
-52489.5	9.478e-8
-52484.5	4.739e-8
-52479.5	4.739e-8
-52474.5	4.739e-8
-52469.5	9.478e-8
-52464.5	1.4217e-7
-52459.5	9.478e-8
-52454.5	1.4217e-7
-52449.5	4.739e-8
-52444.5	0
-52439.5	4.739e-8
-52434.5	4.739e-8
-52429.5	4.739e-8
-52424.5	4.739e-8
-52419.5	0
-52414.5	9.478e-8
-52409.5	4.739e-8
-52404.5	0
-52399.5	9.478e-8
-52394.5	1.4217e-7
-52389.5	4.739e-8
-52384.5	9.478e-8
-52379.5	9.478e-8
-52374.5	1.8956e-7
-52369.5	1.8956e-7
-52364.5	4.739e-8
-52359.5	4.739e-8
-52354.5	9.478e-8
-52349.5	9.478e-8
-52344.5	1.4217e-7
-52339.5	9.478e-8
-52334.5	0
-52329.5	9.478e-8
-52324.5	0
-52319.5	1.4217e-7
-52314.5	0
-52309.5	0
-52304.5	1.4217e-7
-52299.5	9.478e-8
-52294.5	4.739e-8
-52289.5	4.739e-8
-52284.5	9.478e-8
-52279.5	1.4217e-7
-52274.5	0
-52269.5	1.4217e-7
-52264.5	0
-52259.5	9.478e-8
-52254.5	1.4217e-7
-52249.5	1.8956e-7
-52244.5	9.478e-8
-52239.5	1.8956e-7
-52234.5	4.739e-8
-52229.5	4.739e-8
-52224.5	4.739e-8
-52219.5	9.478e-8
-52214.5	1.4217e-7
-52209.5	2.8434e-7
-52204.5	9.478e-8
-52199.5	0
-52194.5	2.3695e-7
-52189.5	1.8956e-7
-52184.5	0
-52179.5	1.4217e-7
-52174.5	1.4217e-7
-52169.5	1.4217e-7
-52164.5	1.4217e-7
-52159.5	1.4217e-7
-52154.5	1.8956e-7
-52149.5	9.478e-8
-52144.5	9.478e-8
-52139.5	4.739e-8
-52134.5	0
-52129.5	4.739e-8
-52124.5	1.8956e-7
-52119.5	1.8956e-7
-52114.5	9.478e-8
-52109.5	9.478e-8
-52104.5	1.4217e-7
-52099.5	4.739e-8
-52094.5	1.4217e-7
-52089.5	2.3695e-7
-52084.5	9.478e-8
-52079.5	4.739e-8
-52074.5	2.3695e-7
-52069.5	4.739e-8
-52064.5	1.4217e-7
-52059.5	1.8956e-7
-52054.5	0
-52049.5	1.8956e-7
-52044.5	0
-52039.5	2.3695e-7
-52034.5	1.4217e-7
-52029.5	1.8956e-7
-52024.5	0
-52019.5	4.739e-8
-52014.5	9.478e-8
-52009.5	9.478e-8
-52004.5	9.478e-8
-51999.5	2.8434e-7
-51994.5	0
-51989.5	4.739e-8
-51984.5	2.3695e-7
-51979.5	2.3695e-7
-51974.5	9.478e-8
-51969.5	9.478e-8
-51964.5	1.4217e-7
-51959.5	4.739e-8
-51954.5	9.478e-8
-51949.5	9.478e-8
-51944.5	3.317e-7
-51939.5	1.8956e-7
-51934.5	9.478e-8
-51929.5	4.739e-8
-51924.5	4.739e-8
-51919.5	1.8956e-7
-51914.5	0
-51909.5	1.4217e-7
-51904.5	9.478e-8
-51899.5	4.739e-8
-51894.5	2.8434e-7
-51889.5	9.478e-8
-51884.5	9.478e-8
-51879.5	4.265e-7
-51874.5	1.4217e-7
-51869.5	9.478e-8
-51864.5	0
-51859.5	9.478e-8
-51854.5	9.478e-8
-51849.5	4.739e-8
-51844.5	1.4217e-7
-51839.5	9.478e-8
-51834.5	1.4217e-7
-51829.5	9.478e-8
-51824.5	9.478e-8
-51819.5	1.8956e-7
-51814.5	4.739e-8
-51809.5	9.478e-8
-51804.5	1.8956e-7
-51799.5	4.739e-8
-51794.5	2.8434e-7
-51789.5	1.8956e-7
-51784.5	2.8434e-7
-51779.5	9.478e-8
-51774.5	9.478e-8
-51769.5	4.739e-8
-51764.5	9.478e-8
-51759.5	1.4217e-7
-51754.5	0
-51749.5	1.4217e-7
-51744.5	1.8956e-7
-51739.5	9.478e-8
-51734.5	1.8956e-7
-51729.5	4.739e-8
-51724.5	1.8956e-7
-51719.5	0
-51714.5	0
-51709.5	9.478e-8
-51704.5	0
-51699.5	4.739e-8
-51694.5	4.739e-8
-51689.5	4.739e-8
-51684.5	9.478e-8
-51679.5	1.8956e-7
-51674.5	9.478e-8
-51669.5	9.478e-8
-51664.5	9.478e-8
-51659.5	1.4217e-7
-51654.5	9.478e-8
-51649.5	1.8956e-7
-51644.5	1.4217e-7
-51639.5	3.791e-7
-51634.5	9.478e-8
-51629.5	1.4217e-7
-51624.5	9.478e-8
-51619.5	9.478e-8
-51614.5	2.8434e-7
-51609.5	4.739e-8
-51604.5	4.739e-8
-51599.5	1.4217e-7
-51594.5	2.8434e-7
-51589.5	9.478e-8
-51584.5	1.4217e-7
-51579.5	1.8956e-7
-51574.5	0
-51569.5	2.3695e-7
-51564.5	2.8434e-7
-51559.5	4.739e-8
-51554.5	1.4217e-7
-51549.5	1.4217e-7
-51544.5	1.4217e-7
-51539.5	1.8956e-7
-51534.5	2.8434e-7
-51529.5	9.478e-8
-51524.5	9.478e-8
-51519.5	4.739e-8
-51514.5	2.3695e-7
-51509.5	9.478e-8
-51504.5	9.478e-8
-51499.5	9.478e-8
-51494.5	1.4217e-7
-51489.5	2.3695e-7
-51484.5	4.739e-8
-51479.5	1.4217e-7
-51474.5	2.3695e-7
-51469.5	4.739e-8
-51464.5	4.739e-8
-51459.5	2.3695e-7
-51454.5	3.317e-7
-51449.5	1.8956e-7
-51444.5	9.478e-8
-51439.5	4.739e-8
-51434.5	1.8956e-7
-51429.5	9.478e-8
-51424.5	2.8434e-7
-51419.5	1.8956e-7
-51414.5	0
-51409.5	9.478e-8
-51404.5	9.478e-8
-51399.5	0
-51394.5	0
-51389.5	9.478e-8
-51384.5	1.8956e-7
-51379.5	2.3695e-7
-51374.5	1.4217e-7
-51369.5	4.739e-8
-51364.5	9.478e-8
-51359.5	2.8434e-7
-51354.5	2.8434e-7
-51349.5	9.478e-8
-51344.5	9.478e-8
-51339.5	0
-51334.5	4.739e-8
-51329.5	4.739e-8
-51324.5	9.478e-8
-51319.5	1.4217e-7
-51314.5	1.8956e-7
-51309.5	1.8956e-7
-51304.5	1.4217e-7
-51299.5	2.8434e-7
-51294.5	4.739e-8
-51289.5	4.739e-8
-51284.5	2.8434e-7
-51279.5	1.4217e-7
-51274.5	1.8956e-7
-51269.5	1.4217e-7
-51264.5	1.4217e-7
-51259.5	1.4217e-7
-51254.5	4.739e-8
-51249.5	9.478e-8
-51244.5	0
-51239.5	1.4217e-7
-51234.5	2.8434e-7
-51229.5	1.4217e-7
-51224.5	2.8434e-7
-51219.5	0
-51214.5	1.4217e-7
-51209.5	9.478e-8
-51204.5	1.4217e-7
-51199.5	9.478e-8
-51194.5	4.739e-8
-51189.5	1.4217e-7
-51184.5	9.478e-8
-51179.5	4.739e-8
-51174.5	2.3695e-7
-51169.5	2.3695e-7
-51164.5	1.4217e-7
-51159.5	1.8956e-7
-51154.5	1.4217e-7
-51149.5	1.4217e-7
-51144.5	4.739e-8
-51139.5	1.8956e-7
-51134.5	1.8956e-7
-51129.5	4.739e-8
-51124.5	1.4217e-7
-51119.5	9.478e-8
-51114.5	1.4217e-7
-51109.5	2.3695e-7
-51104.5	2.8434e-7
-51099.5	9.478e-8
-51094.5	9.478e-8
-51089.5	9.478e-8
-51084.5	4.739e-8
-51079.5	1.8956e-7
-51074.5	1.8956e-7
-51069.5	4.739e-8
-51064.5	9.478e-8
-51059.5	9.478e-8
-51054.5	9.478e-8
-51049.5	4.739e-8
-51044.5	1.4217e-7
-51039.5	9.478e-8
-51034.5	2.8434e-7
-51029.5	3.791e-7
-51024.5	4.739e-8
-51019.5	1.8956e-7
-51014.5	1.8956e-7
-51009.5	1.8956e-7
-51004.5	4.739e-8
-50999.5	3.791e-7
-50994.5	0
-50989.5	1.4217e-7
-50984.5	9.478e-8
-50979.5	1.8956e-7
-50974.5	2.3695e-7
-50969.5	9.478e-8
-50964.5	4.739e-8
-50959.5	0
-50954.5	1.4217e-7
-50949.5	1.4217e-7
-50944.5	2.3695e-7
-50939.5	1.4217e-7
-50934.5	1.4217e-7
-50929.5	3.317e-7
-50924.5	1.4217e-7
-50919.5	1.4217e-7
-50914.5	1.4217e-7
-50909.5	1.4217e-7
-50904.5	1.8956e-7
-50899.5	1.8956e-7
-50894.5	1.4217e-7
-50889.5	1.4217e-7
-50884.5	4.739e-8
-50879.5	1.4217e-7
-50874.5	2.8434e-7
-50869.5	9.478e-8
-50864.5	9.478e-8
-50859.5	2.3695e-7
-50854.5	2.8434e-7
-50849.5	1.4217e-7
-50844.5	0
-50839.5	1.4217e-7
-50834.5	4.739e-8
-50829.5	1.8956e-7
-50824.5	1.4217e-7
-50819.5	4.739e-8
-50814.5	4.739e-8
-50809.5	1.8956e-7
-50804.5	1.8956e-7
-50799.5	1.4217e-7
-50794.5	0
-50789.5	9.478e-8
-50784.5	1.4217e-7
-50779.5	4.739e-8
-50774.5	1.8956e-7
-50769.5	4.739e-8
-50764.5	2.3695e-7
-50759.5	9.478e-8
-50754.5	9.478e-8
-50749.5	1.4217e-7
-50744.5	2.3695e-7
-50739.5	4.739e-8
-50734.5	9.478e-8
-50729.5	2.8434e-7
-50724.5	4.739e-8
-50719.5	1.4217e-7
-50714.5	1.8956e-7
-50709.5	2.3695e-7
-50704.5	9.478e-8
-50699.5	1.4217e-7
-50694.5	1.4217e-7
-50689.5	4.739e-8
-50684.5	1.8956e-7
-50679.5	1.8956e-7
-50674.5	2.3695e-7
-50669.5	1.4217e-7
-50664.5	9.478e-8
-50659.5	2.8434e-7
-50654.5	9.478e-8
-50649.5	1.8956e-7
-50644.5	1.8956e-7
-50639.5	1.8956e-7
-50634.5	3.317e-7
-50629.5	1.4217e-7
-50624.5	1.4217e-7
-50619.5	1.4217e-7
-50614.5	1.4217e-7
-50609.5	2.3695e-7
-50604.5	1.8956e-7
-50599.5	1.4217e-7
-50594.5	3.317e-7
-50589.5	9.478e-8
-50584.5	4.265e-7
-50579.5	4.739e-8
-50574.5	1.4217e-7
-50569.5	3.791e-7
-50564.5	9.478e-8
-50559.5	1.8956e-7
-50554.5	1.4217e-7
-50549.5	2.3695e-7
-50544.5	2.8434e-7
-50539.5	9.478e-8
-50534.5	3.317e-7
-50529.5	0
-50524.5	4.739e-8
-50519.5	1.4217e-7
-50514.5	2.3695e-7
-50509.5	2.3695e-7
-50504.5	4.739e-8
-50499.5	1.4217e-7
-50494.5	2.8434e-7
-50489.5	3.791e-7
-50484.5	2.3695e-7
-50479.5	9.478e-8
-50474.5	2.3695e-7
-50469.5	1.4217e-7
-50464.5	9.478e-8
-50459.5	2.3695e-7
-50454.5	4.739e-8
-50449.5	1.4217e-7
-50444.5	4.265e-7
-50439.5	9.478e-8
-50434.5	4.739e-8
-50429.5	9.478e-8
-50424.5	1.4217e-7
-50419.5	9.478e-8
-50414.5	9.478e-8
-50409.5	4.739e-8
-50404.5	9.478e-8
-50399.5	1.4217e-7
-50394.5	1.8956e-7
-50389.5	3.317e-7
-50384.5	4.739e-8
-50379.5	1.4217e-7
-50374.5	2.3695e-7
-50369.5	9.478e-8
-50364.5	2.3695e-7
-50359.5	1.8956e-7
-50354.5	9.478e-8
-50349.5	4.739e-7
-50344.5	2.8434e-7
-50339.5	1.4217e-7
-50334.5	1.4217e-7
-50329.5	9.478e-8
-50324.5	1.4217e-7
-50319.5	9.478e-8
-50314.5	2.3695e-7
-50309.5	1.4217e-7
-50304.5	1.8956e-7
-50299.5	2.8434e-7
-50294.5	1.8956e-7
-50289.5	1.8956e-7
-50284.5	1.8956e-7
-50279.5	1.8956e-7
-50274.5	2.3695e-7
-50269.5	9.478e-8
-50264.5	9.478e-8
-50259.5	1.8956e-7
-50254.5	1.4217e-7
-50249.5	1.4217e-7
-50244.5	2.3695e-7
-50239.5	1.4217e-7
-50234.5	4.739e-8
-50229.5	0
-50224.5	1.4217e-7
-50219.5	1.8956e-7
-50214.5	2.8434e-7
-50209.5	5.213e-7
-50204.5	0
-50199.5	1.4217e-7
-50194.5	9.478e-8
-50189.5	9.478e-8
-50184.5	0
-50179.5	9.478e-8
-50174.5	1.4217e-7
-50169.5	9.478e-8
-50164.5	1.8956e-7
-50159.5	2.8434e-7
-50154.5	1.8956e-7
-50149.5	2.8434e-7
-50144.5	1.4217e-7
-50139.5	2.8434e-7
-50134.5	1.4217e-7
-50129.5	4.739e-8
-50124.5	0
-50119.5	1.8956e-7
-50114.5	1.4217e-7
-50109.5	4.739e-8
-50104.5	4.739e-8
-50099.5	1.4217e-7
-50094.5	1.4217e-7
-50089.5	3.317e-7
-50084.5	4.739e-7
-50079.5	4.265e-7
-50074.5	0
-50069.5	4.265e-7
-50064.5	1.4217e-7
-50059.5	2.3695e-7
-50054.5	2.8434e-7
-50049.5	2.3695e-7
-50044.5	4.739e-8
-50039.5	2.3695e-7
-50034.5	1.4217e-7
-50029.5	1.8956e-7
-50024.5	9.478e-8
-50019.5	9.478e-8
-50014.5	2.3695e-7
-50009.5	1.4217e-7
-50004.5	4.739e-8
-49999.5	4.739e-8
-49994.5	2.3695e-7
-49989.5	9.478e-8
-49984.5	9.478e-8
-49979.5	9.478e-8
-49974.5	1.8956e-7
-49969.5	1.4217e-7
-49964.5	2.8434e-7
-49959.5	0
-49954.5	2.3695e-7
-49949.5	1.4217e-7
-49944.5	4.739e-8
-49939.5	3.317e-7
-49934.5	1.8956e-7
-49929.5	1.4217e-7
-49924.5	2.3695e-7
-49919.5	1.8956e-7
-49914.5	9.478e-8
-49909.5	3.791e-7
-49904.5	1.8956e-7
-49899.5	4.739e-8
-49894.5	9.478e-8
-49889.5	9.478e-8
-49884.5	3.317e-7
-49879.5	2.8434e-7
-49874.5	1.4217e-7
-49869.5	4.739e-7
-49864.5	2.8434e-7
-49859.5	4.739e-8
-49854.5	3.317e-7
-49849.5	9.478e-8
-49844.5	2.8434e-7
-49839.5	1.8956e-7
-49834.5	1.8956e-7
-49829.5	2.3695e-7
-49824.5	9.478e-8
-49819.5	1.4217e-7
-49814.5	1.4217e-7
-49809.5	2.3695e-7
-49804.5	9.478e-8
-49799.5	1.4217e-7
-49794.5	1.8956e-7
-49789.5	4.739e-8
-49784.5	1.4217e-7
-49779.5	9.478e-8
-49774.5	3.791e-7
-49769.5	1.4217e-7
-49764.5	2.8434e-7
-49759.5	2.8434e-7
-49754.5	2.3695e-7
-49749.5	4.739e-8
-49744.5	3.791e-7
-49739.5	1.4217e-7
-49734.5	4.739e-8
-49729.5	2.8434e-7
-49724.5	6.15e-7
-49719.5	9.478e-8
-49714.5	2.8434e-7
-49709.5	4.739e-8
-49704.5	1.4217e-7
-49699.5	1.8956e-7
-49694.5	2.3695e-7
-49689.5	1.4217e-7
-49684.5	1.8956e-7
-49679.5	0
-49674.5	3.317e-7
-49669.5	2.3695e-7
-49664.5	1.4217e-7
-49659.5	1.8956e-7
-49654.5	2.8434e-7
-49649.5	1.4217e-7
-49644.5	4.739e-7
-49639.5	4.739e-8
-49634.5	2.8434e-7
-49629.5	1.8956e-7
-49624.5	2.8434e-7
-49619.5	1.4217e-7
-49614.5	4.265e-7
-49609.5	4.739e-8
-49604.5	4.265e-7
-49599.5	2.8434e-7
-49594.5	2.3695e-7
-49589.5	1.4217e-7
-49584.5	3.317e-7
-49579.5	2.3695e-7
-49574.5	2.3695e-7
-49569.5	4.739e-8
-49564.5	1.8956e-7
-49559.5	9.478e-8
-49554.5	9.478e-8
-49549.5	1.4217e-7
-49544.5	2.3695e-7
-49539.5	1.8956e-7
-49534.5	3.791e-7
-49529.5	1.4217e-7
-49524.5	2.8434e-7
-49519.5	4.265e-7
-49514.5	9.478e-8
-49509.5	1.8956e-7
-49504.5	3.791e-7
-49499.5	2.8434e-7
-49494.5	2.8434e-7
-49489.5	1.4217e-7
-49484.5	3.317e-7
-49479.5	0
-49474.5	1.8956e-7
-49469.5	1.4217e-7
-49464.5	2.3695e-7
-49459.5	9.478e-8
-49454.5	2.3695e-7
-49449.5	5.687e-7
-49444.5	4.739e-8
-49439.5	3.317e-7
-49434.5	9.478e-8
-49429.5	9.478e-8
-49424.5	2.8434e-7
-49419.5	2.3695e-7
-49414.5	4.265e-7
-49409.5	1.8956e-7
-49404.5	1.8956e-7
-49399.5	1.4217e-7
-49394.5	3.317e-7
-49389.5	1.4217e-7
-49384.5	1.4217e-7
-49379.5	3.791e-7
-49374.5	2.3695e-7
-49369.5	1.4217e-7
-49364.5	1.4217e-7
-49359.5	2.3695e-7
-49354.5	1.8956e-7
-49349.5	3.317e-7
-49344.5	4.739e-8
-49339.5	1.8956e-7
-49334.5	2.3695e-7
-49329.5	1.8956e-7
-49324.5	1.8956e-7
-49319.5	3.317e-7
-49314.5	4.739e-7
-49309.5	6.624e-7
-49304.5	4.265e-7
-49299.5	1.8956e-7
-49294.5	1.4217e-7
-49289.5	9.478e-8
-49284.5	2.8434e-7
-49279.5	9.478e-8
-49274.5	2.3695e-7
-49269.5	3.791e-7
-49264.5	1.4217e-7
-49259.5	3.317e-7
-49254.5	3.791e-7
-49249.5	2.8434e-7
-49244.5	3.317e-7
-49239.5	1.8956e-7
-49234.5	1.4217e-7
-49229.5	4.265e-7
-49224.5	1.8956e-7
-49219.5	3.791e-7
-49214.5	9.478e-8
-49209.5	1.4217e-7
-49204.5	2.8434e-7
-49199.5	2.3695e-7
-49194.5	2.3695e-7
-49189.5	1.4217e-7
-49184.5	9.478e-8
-49179.5	2.8434e-7
-49174.5	2.8434e-7
-49169.5	6.624e-7
-49164.5	3.317e-7
-49159.5	3.317e-7
-49154.5	9.478e-8
-49149.5	2.8434e-7
-49144.5	3.791e-7
-49139.5	1.8956e-7
-49134.5	9.478e-8
-49129.5	4.739e-8
-49124.5	2.3695e-7
-49119.5	9.478e-8
-49114.5	2.3695e-7
-49109.5	4.739e-7
-49104.5	1.4217e-7
-49099.5	9.478e-8
-49094.5	3.317e-7
-49089.5	1.4217e-7
-49084.5	2.3695e-7
-49079.5	3.317e-7
-49074.5	2.3695e-7
-49069.5	1.4217e-7
-49064.5	7.572e-7
-49059.5	3.791e-7
-49054.5	1.8956e-7
-49049.5	3.791e-7
-49044.5	2.3695e-7
-49039.5	1.4217e-7
-49034.5	3.791e-7
-49029.5	3.317e-7
-49024.5	3.791e-7
-49019.5	3.791e-7
-49014.5	3.317e-7
-49009.5	3.317e-7
-49004.5	1.4217e-7
-48999.5	2.3695e-7
-48994.5	2.3695e-7
-48989.5	1.8956e-7
-48984.5	9.478e-8
-48979.5	9.478e-8
-48974.5	8.52e-7
-48969.5	0
-48964.5	4.739e-8
-48959.5	2.8434e-7
-48954.5	9.478e-8
-48949.5	1.8956e-7
-48944.5	3.791e-7
-48939.5	1.4217e-7
-48934.5	9.478e-8
-48929.5	3.791e-7
-48924.5	2.8434e-7
-48919.5	9.478e-8
-48914.5	3.791e-7
-48909.5	6.624e-7
-48904.5	2.3695e-7
-48899.5	2.3695e-7
-48894.5	7.098e-7
-48889.5	4.265e-7
-48884.5	1.8956e-7
-48879.5	3.791e-7
-48874.5	4.739e-8
-48869.5	3.791e-7
-48864.5	1.8956e-7
-48859.5	2.8434e-7
-48854.5	9.478e-8
-48849.5	1.4217e-7
-48844.5	6.624e-7
-48839.5	4.265e-7
-48834.5	1.8956e-7
-48829.5	4.265e-7
-48824.5	2.3695e-7
-48819.5	1.8956e-7
-48814.5	3.791e-7
-48809.5	3.791e-7
-48804.5	5.213e-7
-48799.5	9.478e-8
-48794.5	3.791e-7
-48789.5	1.8956e-7
-48784.5	2.8434e-7
-48779.5	3.791e-7
-48774.5	3.317e-7
-48769.5	3.317e-7
-48764.5	1.4217e-7
-48759.5	4.739e-7
-48754.5	3.317e-7
-48749.5	3.791e-7
-48744.5	1.8956e-7
-48739.5	3.791e-7
-48734.5	2.8434e-7
-48729.5	2.3695e-7
-48724.5	4.739e-7
-48719.5	3.317e-7
-48714.5	1.4217e-7
-48709.5	9.478e-8
-48704.5	4.265e-7
-48699.5	4.739e-7
-48694.5	2.3695e-7
-48689.5	3.791e-7
-48684.5	4.265e-7
-48679.5	9.478e-8
-48674.5	7.098e-7
-48669.5	3.317e-7
-48664.5	2.8434e-7
-48659.5	4.265e-7
-48654.5	4.739e-7
-48649.5	3.317e-7
-48644.5	1.8956e-7
-48639.5	6.15e-7
-48634.5	1.4217e-7
-48629.5	1.4217e-7
-48624.5	1.8956e-7
-48619.5	3.317e-7
-48614.5	2.8434e-7
-48609.5	2.8434e-7
-48604.5	1.4217e-7
-48599.5	0
-48594.5	2.8434e-7
-48589.5	3.317e-7
-48584.5	3.317e-7
-48579.5	2.8434e-7
-48574.5	3.317e-7
-48569.5	2.8434e-7
-48564.5	5.676e-7
-48559.5	3.317e-7
-48554.5	3.317e-7
-48549.5	3.791e-7
-48544.5	4.265e-7
-48539.5	4.739e-7
-48534.5	7.098e-7
-48529.5	2.3695e-7
-48524.5	4.739e-7
-48519.5	5.213e-7
-48514.5	3.791e-7
-48509.5	9.478e-8
-48504.5	2.8434e-7
-48499.5	3.317e-7
-48494.5	4.265e-7
-48489.5	2.8434e-7
-48484.5	1.4217e-7
-48479.5	3.317e-7
-48474.5	9.478e-8
-48469.5	3.791e-7
-48464.5	4.265e-7
-48459.5	2.3695e-7
-48454.5	2.3695e-7
-48449.5	1.8956e-7
-48444.5	4.739e-7
-48439.5	2.8434e-7
-48434.5	7.098e-7
-48429.5	1.4217e-7
-48424.5	2.3695e-7
-48419.5	1.8956e-7
-48414.5	2.8434e-7
-48409.5	4.265e-7
-48404.5	9.478e-8
-48399.5	3.791e-7
-48394.5	2.8434e-7
-48389.5	2.3695e-7
-48384.5	4.265e-7
-48379.5	4.265e-7
-48374.5	4.739e-8
-48369.5	1.4217e-7
-48364.5	4.739e-7
-48359.5	2.3695e-7
-48354.5	2.8434e-7
-48349.5	4.265e-7
-48344.5	3.317e-7
-48339.5	3.791e-7
-48334.5	5.213e-7
-48329.5	4.265e-7
-48324.5	3.791e-7
-48319.5	4.265e-7
-48314.5	2.3695e-7
-48309.5	7.098e-7
-48304.5	3.317e-7
-48299.5	4.739e-8
-48294.5	3.791e-7
-48289.5	7.098e-7
-48284.5	4.739e-7
-48279.5	2.8434e-7
-48274.5	5.687e-7
-48269.5	3.317e-7
-48264.5	1.8956e-7
-48259.5	3.317e-7
-48254.5	4.265e-7
-48249.5	4.265e-7
-48244.5	7.572e-7
-48239.5	3.791e-7
-48234.5	3.791e-7
-48229.5	5.213e-7
-48224.5	2.8434e-7
-48219.5	3.791e-7
-48214.5	4.739e-8
-48209.5	4.739e-7
-48204.5	6.15e-7
-48199.5	2.3695e-7
-48194.5	5.213e-7
-48189.5	4.265e-7
-48184.5	9.467e-7
-48179.5	2.3695e-7
-48174.5	3.317e-7
-48169.5	2.3695e-7
-48164.5	4.265e-7
-48159.5	2.8434e-7
-48154.5	3.317e-7
-48149.5	1.8956e-7
-48144.5	3.317e-7
-48139.5	3.317e-7
-48134.5	7.572e-7
-48129.5	3.317e-7
-48124.5	2.3695e-7
-48119.5	5.676e-7
-48114.5	9.478e-8
-48109.5	2.3695e-7
-48104.5	4.265e-7
-48099.5	3.317e-7
-48094.5	2.8434e-7
-48089.5	2.3695e-7
-48084.5	2.3695e-7
-48079.5	3.317e-7
-48074.5	2.8434e-7
-48069.5	3.791e-7
-48064.5	3.791e-7
-48059.5	2.8434e-7
-48054.5	1.8956e-7
-48049.5	2.3695e-7
-48044.5	7.572e-7
-48039.5	9.478e-8
-48034.5	4.739e-7
-48029.5	8.994e-7
-48024.5	1.4217e-7
-48019.5	5.202e-7
-48014.5	4.739e-7
-48009.5	1.8956e-7
-48004.5	3.791e-7
-47999.5	2.3695e-7
-47994.5	3.791e-7
-47989.5	3.791e-7
-47984.5	3.317e-7
-47979.5	9.478e-8
-47974.5	2.8434e-7
-47969.5	5.676e-7
-47964.5	3.791e-7
-47959.5	5.676e-7
-47954.5	1.8956e-7
-47949.5	4.265e-7
-47944.5	4.265e-7
-47939.5	6.624e-7
-47934.5	3.791e-7
-47929.5	1.4217e-7
-47924.5	9.478e-8
-47919.5	2.8434e-7
-47914.5	5.687e-7
-47909.5	2.8434e-7
-47904.5	7.098e-7
-47899.5	3.791e-7
-47894.5	1.4217e-7
-47889.5	3.791e-7
-47884.5	4.739e-7
-47879.5	2.8434e-7
-47874.5	4.739e-7
-47869.5	4.265e-7
-47864.5	2.8434e-7
-47859.5	4.265e-7
-47854.5	3.317e-7
-47849.5	3.317e-7
-47844.5	4.265e-7
-47839.5	3.791e-7
-47834.5	5.687e-7
-47829.5	8.046e-7
-47824.5	2.8434e-7
-47819.5	1.8956e-7
-47814.5	3.791e-7
-47809.5	3.317e-7
-47804.5	3.317e-7
-47799.5	4.739e-7
-47794.5	4.265e-7
-47789.5	3.317e-7
-47784.5	3.791e-7
-47779.5	7.572e-7
-47774.5	2.8434e-7
-47769.5	7.572e-7
-47764.5	3.791e-7
-47759.5	3.317e-7
-47754.5	2.3695e-7
-47749.5	5.213e-7
-47744.5	5.213e-7
-47739.5	4.265e-7
-47734.5	9.941e-7
-47729.5	2.8434e-7
-47724.5	3.317e-7
-47719.5	9.941e-7
-47714.5	2.3695e-7
-47709.5	5.676e-7
-47704.5	4.739e-7
-47699.5	3.317e-7
-47694.5	7.572e-7
-47689.5	3.791e-7
-47684.5	2.8434e-7
-47679.5	3.317e-7
-47674.5	2.8434e-7
-47669.5	3.791e-7
-47664.5	1.4217e-7
-47659.5	4.265e-7
-47654.5	4.739e-7
-47649.5	4.739e-7
-47644.5	2.8434e-7
-47639.5	8.52e-7
-47634.5	1.4217e-7
-47629.5	8.994e-7
-47624.5	2.8434e-7
-47619.5	2.3695e-7
-47614.5	8.52e-7
-47609.5	5.687e-7
-47604.5	1.8956e-7
-47599.5	3.791e-7
-47594.5	9.478e-8
-47589.5	5.213e-7
-47584.5	3.317e-7
-47579.5	5.676e-7
-47574.5	2.3695e-7
-47569.5	6.624e-7
-47564.5	2.8434e-7
-47559.5	8.046e-7
-47554.5	6.15e-7
-47549.5	4.739e-7
-47544.5	5.213e-7
-47539.5	6.15e-7
-47534.5	2.8434e-7
-47529.5	3.317e-7
-47524.5	3.317e-7
-47519.5	7.098e-7
-47514.5	3.791e-7
-47509.5	4.739e-7
-47504.5	3.791e-7
-47499.5	1.8956e-7
-47494.5	2.8434e-7
-47489.5	8.046e-7
-47484.5	9.467e-7
-47479.5	6.624e-7
-47474.5	2.3695e-7
-47469.5	4.739e-7
-47464.5	8.994e-7
-47459.5	5.202e-7
-47454.5	3.791e-7
-47449.5	4.739e-7
-47444.5	7.098e-7
-47439.5	4.265e-7
-47434.5	7.098e-7
-47429.5	3.317e-7
-47424.5	0.0000011363
-47419.5	2.3695e-7
-47414.5	9.941e-7
-47409.5	8.046e-7
-47404.5	7.098e-7
-47399.5	2.8434e-7
-47394.5	4.265e-7
-47389.5	2.8434e-7
-47384.5	6.624e-7
-47379.5	3.317e-7
-47374.5	4.739e-7
-47369.5	4.739e-7
-47364.5	5.676e-7
-47359.5	4.739e-7
-47354.5	5.213e-7
-47349.5	2.3695e-7
-47344.5	5.213e-7
-47339.5	2.8434e-7
-47334.5	3.317e-7
-47329.5	7.572e-7
-47324.5	3.791e-7
-47319.5	6.15e-7
-47314.5	6.15e-7
-47309.5	2.8434e-7
-47304.5	8.046e-7
-47299.5	4.739e-7
-47294.5	2.3695e-7
-47289.5	5.213e-7
-47284.5	7.098e-7
-47279.5	5.687e-7
-47274.5	4.739e-7
-47269.5	5.687e-7
-47264.5	0.0000012311
-47259.5	3.317e-7
-47254.5	7.098e-7
-47249.5	1.8956e-7
-47244.5	2.3695e-7
-47239.5	8.046e-7
-47234.5	6.15e-7
-47229.5	6.624e-7
-47224.5	5.676e-7
-47219.5	3.317e-7
-47214.5	5.213e-7
-47209.5	4.739e-7
-47204.5	9.941e-7
-47199.5	8.046e-7
-47194.5	5.676e-7
-47189.5	6.15e-7
-47184.5	3.317e-7
-47179.5	1.4217e-7
-47174.5	3.317e-7
-47169.5	2.8434e-7
-47164.5	6.624e-7
-47159.5	6.624e-7
-47154.5	4.265e-7
-47149.5	7.572e-7
-47144.5	6.624e-7
-47139.5	5.213e-7
-47134.5	8.52e-7
-47129.5	5.213e-7
-47124.5	1.8956e-7
-47119.5	9.941e-7
-47114.5	5.213e-7
-47109.5	6.624e-7
-47104.5	7.572e-7
-47099.5	3.791e-7
-47094.5	9.941e-7
-47089.5	6.15e-7
-47084.5	6.15e-7
-47079.5	5.213e-7
-47074.5	9.467e-7
-47069.5	6.15e-7
-47064.5	7.098e-7
-47059.5	8.52e-7
-47054.5	5.213e-7
-47049.5	2.8434e-7
-47044.5	8.994e-7
-47039.5	4.265e-7
-47034.5	4.265e-7
-47029.5	6.15e-7
-47024.5	6.624e-7
-47019.5	2.3695e-7
-47014.5	4.739e-7
-47009.5	8.994e-7
-47004.5	0.0000010889
-46999.5	8.994e-7
-46994.5	3.791e-7
-46989.5	5.213e-7
-46984.5	2.8434e-7
-46979.5	5.687e-7
-46974.5	4.265e-7
-46969.5	7.098e-7
-46964.5	7.098e-7
-46959.5	5.687e-7
-46954.5	8.046e-7
-46949.5	4.265e-7
-46944.5	4.265e-7
-46939.5	2.3695e-7
-46934.5	8.52e-7
-46929.5	2.8434e-7
-46924.5	5.213e-7
-46919.5	5.687e-7
-46914.5	7.098e-7
-46909.5	5.213e-7
-46904.5	6.15e-7
-46899.5	5.676e-7
-46894.5	5.687e-7
-46889.5	6.15e-7
-46884.5	6.624e-7
-46879.5	3.791e-7
-46874.5	5.687e-7
-46869.5	0.0000012311
-46864.5	5.676e-7
-46859.5	4.739e-7
-46854.5	2.3695e-7
-46849.5	8.52e-7
-46844.5	5.676e-7
-46839.5	6.15e-7
-46834.5	0.0000010415
-46829.5	9.467e-7
-46824.5	4.265e-7
-46819.5	6.15e-7
-46814.5	0.0000010889
-46809.5	5.687e-7
-46804.5	8.046e-7
-46799.5	6.15e-7
-46794.5	8.994e-7
-46789.5	8.52e-7
-46784.5	8.994e-7
-46779.5	8.046e-7
-46774.5	4.739e-7
-46769.5	5.676e-7
-46764.5	5.676e-7
-46759.5	9.467e-7
-46754.5	7.098e-7
-46749.5	6.15e-7
-46744.5	7.098e-7
-46739.5	0.0000010889
-46734.5	5.213e-7
-46729.5	9.941e-7
-46724.5	5.213e-7
-46719.5	8.046e-7
-46714.5	4.265e-7
-46709.5	2.8434e-7
-46704.5	0.0000011837
-46699.5	6.624e-7
-46694.5	4.739e-7
-46689.5	3.791e-7
-46684.5	1.8956e-7
-46679.5	4.265e-7
-46674.5	4.739e-7
-46669.5	7.572e-7
-46664.5	3.791e-7
-46659.5	5.213e-7
-46654.5	4.739e-7
-46649.5	0.0000013733
-46644.5	8.046e-7
-46639.5	9.941e-7
-46634.5	4.739e-7
-46629.5	8.994e-7
-46624.5	6.15e-7
-46619.5	4.739e-7
-46614.5	6.15e-7
-46609.5	6.624e-7
-46604.5	0.0000011363
-46599.5	5.213e-7
-46594.5	8.046e-7
-46589.5	4.739e-7
-46584.5	6.624e-7
-46579.5	8.52e-7
-46574.5	5.213e-7
-46569.5	2.8434e-7
-46564.5	8.52e-7
-46559.5	6.15e-7
-46554.5	7.098e-7
-46549.5	6.624e-7
-46544.5	4.739e-7
-46539.5	0.0000011837
-46534.5	7.572e-7
-46529.5	9.941e-7
-46524.5	9.467e-7
-46519.5	5.213e-7
-46514.5	7.098e-7
-46509.5	9.941e-7
-46504.5	5.676e-7
-46499.5	6.624e-7
-46494.5	0.0000016102
-46489.5	5.676e-7
-46484.5	5.213e-7
-46479.5	0.0000010415
-46474.5	6.624e-7
-46469.5	9.478e-8
-46464.5	5.213e-7
-46459.5	4.739e-7
-46454.5	0.0000010415
-46449.5	0.0000011363
-46444.5	7.572e-7
-46439.5	0.0000010415
-46434.5	8.52e-7
-46429.5	8.52e-7
-46424.5	6.624e-7
-46419.5	6.15e-7
-46414.5	8.52e-7
-46409.5	4.265e-7
-46404.5	0.0000010889
-46399.5	5.213e-7
-46394.5	0.0000010415
-46389.5	9.467e-7
-46384.5	5.676e-7
-46379.5	0.0000011837
-46374.5	7.572e-7
-46369.5	6.15e-7
-46364.5	4.265e-7
-46359.5	7.572e-7
-46354.5	0.0000010889
-46349.5	7.098e-7
-46344.5	4.739e-7
-46339.5	0.0000010415
-46334.5	0.0000010415
-46329.5	8.52e-7
-46324.5	2.8434e-7
-46319.5	8.52e-7
-46314.5	5.676e-7
-46309.5	0.0000010415
-46304.5	8.994e-7
-46299.5	0.0000010889
-46294.5	8.046e-7
-46289.5	0.0000011363
-46284.5	6.15e-7
-46279.5	5.213e-7
-46274.5	0.0000011837
-46269.5	6.15e-7
-46264.5	8.52e-7
-46259.5	8.046e-7
-46254.5	5.202e-7
-46249.5	0.0000013733
-46244.5	5.687e-7
-46239.5	7.098e-7
-46234.5	0.0000010415
-46229.5	8.52e-7
-46224.5	4.739e-7
-46219.5	5.676e-7
-46214.5	8.994e-7
-46209.5	0.0000011363
-46204.5	0.0000011837
-46199.5	0.0000012311
-46194.5	9.941e-7
-46189.5	7.572e-7
-46184.5	9.467e-7
-46179.5	0.0000011363
-46174.5	0.0000010889
-46169.5	7.098e-7
-46164.5	0.0000010889
-46159.5	0.0000012785
-46154.5	0.0000011363
-46149.5	8.994e-7
-46144.5	3.791e-7
-46139.5	0.0000010415
-46134.5	8.52e-7
-46129.5	4.265e-7
-46124.5	6.15e-7
-46119.5	8.994e-7
-46114.5	0.0000010415
-46109.5	7.572e-7
-46104.5	0.0000016102
-46099.5	8.52e-7
-46094.5	0.0000012311
-46089.5	8.52e-7
-46084.5	0.0000016102
-46079.5	8.046e-7
-46074.5	6.624e-7
-46069.5	6.15e-7
-46064.5	5.687e-7
-46059.5	6.15e-7
-46054.5	6.624e-7
-46049.5	8.52e-7
-46044.5	0.0000016565
-46039.5	6.624e-7
-46034.5	0.0000010889
-46029.5	0.0000013259
-46024.5	9.941e-7
-46019.5	6.15e-7
-46014.5	0.0000010415
-46009.5	4.739e-7
-46004.5	0.0000014206
-45999.5	8.046e-7
-45994.5	6.624e-7
-45989.5	8.046e-7
-45984.5	8.046e-7
-45979.5	9.467e-7
-45974.5	6.15e-7
-45969.5	0.000001468
-45964.5	0.000001705
-45959.5	0.0000012311
-45954.5	0.0000016102
-45949.5	5.687e-7
-45944.5	7.098e-7
-45939.5	0.0000011363
-45934.5	7.098e-7
-45929.5	8.52e-7
-45924.5	7.098e-7
-45919.5	0.0000012311
-45914.5	9.941e-7
-45909.5	9.467e-7
-45904.5	4.739e-7
-45899.5	0.0000013733
-45894.5	0.0000011837
-45889.5	0.0000010889
-45884.5	0.0000013259
-45879.5	0.0000018935
-45874.5	0.0000013733
-45869.5	0.0000013733
-45864.5	0.0000011837
-45859.5	7.098e-7
-45854.5	0.0000015154
-45849.5	0.0000010415
-45844.5	0.0000012785
-45839.5	0.0000012785
-45834.5	0.0000013259
-45829.5	0.0000013733
-45824.5	7.572e-7
-45819.5	8.52e-7
-45814.5	6.15e-7
-45809.5	9.467e-7
-45804.5	9.941e-7
-45799.5	8.994e-7
-45794.5	0.0000013259
-45789.5	5.676e-7
-45784.5	0.0000015154
-45779.5	6.624e-7
-45774.5	7.572e-7
-45769.5	5.676e-7
-45764.5	0.0000013733
-45759.5	2.8434e-7
-45754.5	0.000001468
-45749.5	5.687e-7
-45744.5	8.994e-7
-45739.5	7.098e-7
-45734.5	8.52e-7
-45729.5	0.0000012785
-45724.5	0.0000013259
-45719.5	0.0000010415
-45714.5	7.098e-7
-45709.5	0.0000010415
-45704.5	0.0000012785
-45699.5	8.046e-7
-45694.5	0.0000012311
-45689.5	8.994e-7
-45684.5	0.0000011837
-45679.5	0.0000010415
-45674.5	0.0000012311
-45669.5	9.467e-7
-45664.5	9.941e-7
-45659.5	0.0000016102
-45654.5	0.0000013733
-45649.5	0.0000013733
-45644.5	0.0000014206
-45639.5	8.52e-7
-45634.5	7.572e-7
-45629.5	5.213e-7
-45624.5	0.0000011837
-45619.5	6.624e-7
-45614.5	6.624e-7
-45609.5	0.0000013259
-45604.5	9.467e-7
-45599.5	0.0000019883
-45594.5	5.687e-7
-45589.5	7.098e-7
-45584.5	0.0000011837
-45579.5	0.0000014206
-45574.5	8.046e-7
-45569.5	0.0000014206
-45564.5	0.0000015154
-45559.5	0.0000012785
-45554.5	0.0000016102
-45549.5	6.15e-7
-45544.5	0.0000011363
-45539.5	9.941e-7
-45534.5	0.0000011837
-45529.5	0.0000012311
-45524.5	0.0000014206
-45519.5	0.0000018935
-45514.5	0.000001468
-45509.5	0.0000013733
-45504.5	0.0000016102
-45499.5	0.0000010889
-45494.5	0.0000017039
-45489.5	0.0000013733
-45484.5	0.0000013733
-45479.5	0.0000010889
-45474.5	0.0000012311
-45469.5	8.046e-7
-45464.5	0.0000010889
-45459.5	0.0000011837
-45454.5	6.15e-7
-45449.5	9.941e-7
-45444.5	0.0000013733
-45439.5	9.941e-7
-45434.5	6.624e-7
-45429.5	0.0000011837
-45424.5	0.0000013259
-45419.5	0.000001468
-45414.5	8.52e-7
-45409.5	7.572e-7
-45404.5	9.467e-7
-45399.5	0.000001705
-45394.5	0.0000021778
-45389.5	0.0000010415
-45384.5	0.0000015154
-45379.5	9.941e-7
-45374.5	0.0000010415
-45369.5	9.941e-7
-45364.5	0.0000015154
-45359.5	0.000001468
-45354.5	8.046e-7
-45349.5	0.0000013733
-45344.5	0.0000013733
-45339.5	0.0000011363
-45334.5	0.0000011837
-45329.5	5.687e-7
-45324.5	9.941e-7
-45319.5	0.0000013733
-45314.5	0.0000017987
-45309.5	0.0000011837
-45304.5	9.941e-7
-45299.5	0.0000015154
-45294.5	0.0000015154
-45289.5	0.000001468
-45284.5	0.0000011363
-45279.5	0.0000013259
-45274.5	0.0000012785
-45269.5	0.0000010889
-45264.5	0.0000012785
-45259.5	8.994e-7
-45254.5	0.0000013259
-45249.5	9.941e-7
-45244.5	9.467e-7
-45239.5	3.317e-7
-45234.5	5.676e-7
-45229.5	8.994e-7
-45224.5	0.0000013259
-45219.5	0.000001468
-45214.5	0.0000012311
-45209.5	0.0000013259
-45204.5	0.0000023674
-45199.5	0.0000016102
-45194.5	0.0000015154
-45189.5	0.0000011363
-45184.5	6.624e-7
-45179.5	8.994e-7
-45174.5	7.572e-7
-45169.5	8.52e-7
-45164.5	0.0000015628
-45159.5	0.0000013733
-45154.5	8.994e-7
-45149.5	0.0000010889
-45144.5	0.000001468
-45139.5	0.0000015628
-45134.5	0.0000011837
-45129.5	0.0000011363
-45124.5	0.0000023674
-45119.5	0.0000010889
-45114.5	8.52e-7
-45109.5	0.0000010889
-45104.5	0.0000016576
-45099.5	0.0000019883
-45094.5	9.467e-7
-45089.5	6.624e-7
-45084.5	9.467e-7
-45079.5	0.0000017987
-45074.5	0.0000012785
-45069.5	0.0000018935
-45064.5	8.046e-7
-45059.5	0.0000013259
-45054.5	0.0000020831
-45049.5	0.0000013259
-45044.5	0.0000011363
-45039.5	0.0000013733
-45034.5	0.0000021304
-45029.5	0.0000019883
-45024.5	0.0000015628
-45019.5	0.0000018935
-45014.5	0.0000015154
-45009.5	0.0000013733
-45004.5	0.0000011363
-44999.5	0.0000016576
-44994.5	0.0000017524
-44989.5	0.0000013259
-44984.5	0.0000014206
-44979.5	7.572e-7
-44974.5	0.0000013259
-44969.5	8.046e-7
-44964.5	8.046e-7
-44959.5	0.0000014206
-44954.5	0.0000015628
-44949.5	0.0000015154
-44944.5	0.000001705
-44939.5	8.046e-7
-44934.5	0.0000017513
-44929.5	6.624e-7
-44924.5	0.0000022726
-44919.5	0.0000020357
-44914.5	0.0000018935
-44909.5	0.0000013259
-44904.5	0.0000014206
-44899.5	0.0000011363
-44894.5	0.000001468
-44889.5	9.467e-7
-44884.5	0.0000010415
-44879.5	0.0000018935
-44874.5	0.0000015154
-44869.5	0.0000010415
-44864.5	0.0000015154
-44859.5	0.000001468
-44854.5	0.0000026517
-44849.5	0.0000024148
-44844.5	0.0000027455
-44839.5	0.0000022252
-44834.5	0.0000016576
-44829.5	0.0000017039
-44824.5	0.0000021778
-44819.5	0.0000012311
-44814.5	0.0000013259
-44809.5	0.0000012311
-44804.5	8.994e-7
-44799.5	8.52e-7
-44794.5	0.0000015628
-44789.5	9.467e-7
-44784.5	0.0000022252
-44779.5	7.572e-7
-44774.5	0.0000015628
-44769.5	0.0000017039
-44764.5	0.0000010889
-44759.5	0.0000011363
-44754.5	0.0000013259
-44749.5	0.0000018461
-44744.5	0.0000019883
-44739.5	0.000002557
-44734.5	0.000001468
-44729.5	0.0000016102
-44724.5	0.0000014206
-44719.5	0.0000017987
-44714.5	0.0000014206
-44709.5	0.0000017524
-44704.5	0.0000018461
-44699.5	0.0000022726
-44694.5	0.0000020357
-44689.5	0.0000015628
-44684.5	0.0000012785
-44679.5	0.0000022252
-44674.5	0.000001468
-44669.5	0.0000021304
-44664.5	0.0000021778
-44659.5	0.000001468
-44654.5	0.00000232
-44649.5	0.0000022252
-44644.5	0.0000018935
-44639.5	0.0000015628
-44634.5	0.0000022726
-44629.5	0.0000022252
-44624.5	0.0000019883
-44619.5	0.000003504
-44614.5	0.0000011837
-44609.5	0.0000010415
-44604.5	0.0000013259
-44599.5	0.0000026991
-44594.5	0.0000014206
-44589.5	0.0000017513
-44584.5	0.0000020831
-44579.5	0.0000015154
-44574.5	0.0000020357
-44569.5	0.00000232
-44564.5	0.000002557
-44559.5	0.0000015628
-44554.5	0.0000017513
-44549.5	0.0000014206
-44544.5	0.0000015628
-44539.5	0.0000015154
-44534.5	0.0000018935
-44529.5	0.0000021304
-44524.5	0.0000018461
-44519.5	0.0000012311
-44514.5	0.0000015628
-44509.5	0.0000021304
-44504.5	9.941e-7
-44499.5	0.0000018461
-44494.5	0.0000024622
-44489.5	0.0000014206
-44484.5	0.0000012311
-44479.5	0.0000016102
-44474.5	0.0000014206
-44469.5	0.0000018461
-44464.5	0.0000015154
-44459.5	0.0000022726
-44454.5	0.0000013733
-44449.5	0.0000017987
-44444.5	0.0000014206
-44439.5	0.0000021304
-44434.5	0.0000018461
-44429.5	0.0000019883
-44424.5	0.0000023674
-44419.5	0.0000025096
-44414.5	0.0000018461
-44409.5	0.000001468
-44404.5	0.0000011837
-44399.5	0.0000024148
-44394.5	0.0000018935
-44389.5	0.00000232
-44384.5	0.0000026517
-44379.5	0.0000015154
-44374.5	0.000003219
-44369.5	0.0000022726
-44364.5	0.0000019409
-44359.5	0.0000011363
-44354.5	0.0000020831
-44349.5	0.0000030772
-44344.5	0.000003314
-44339.5	0.000001468
-44334.5	0.000002935
-44329.5	0.0000024622
-44324.5	0.0000015154
-44319.5	0.0000026991
-44314.5	0.0000024148
-44309.5	0.000003267
-44304.5	0.000002557
-44299.5	0.0000023674
-44294.5	0.0000021304
-44289.5	0.0000026517
-44284.5	0.000001468
-44279.5	0.0000028413
-44274.5	0.0000017513
-44269.5	0.0000015628
-44264.5	0.0000011837
-44259.5	0.0000020831
-44254.5	0.0000021304
-44249.5	0.00000232
-44244.5	0.0000020357
-44239.5	0.0000015154
-44234.5	0.0000027939
-44229.5	0.0000017039
-44224.5	0.0000024622
-44219.5	0.0000019883
-44214.5	0.0000021778
-44209.5	0.000001705
-44204.5	0.000002557
-44199.5	0.000003409
-44194.5	0.0000021304
-44189.5	0.0000013733
-44184.5	0.0000021304
-44179.5	0.0000022252
-44174.5	0.0000021304
-44169.5	0.0000011837
-44164.5	0.0000010415
-44159.5	0.0000021304
-44154.5	0.0000012311
-44149.5	0.0000014206
-44144.5	0.0000022252
-44139.5	0.0000019883
-44134.5	0.0000018935
-44129.5	0.0000012311
-44124.5	0.0000023674
-44119.5	0.000004166
-44114.5	0.000003551
-44109.5	0.0000024622
-44104.5	0.0000026991
-44099.5	0.0000017987
-44094.5	0.000003172
-44089.5	0.000003219
-44084.5	0.0000016576
-44079.5	0.0000015628
-44074.5	0.0000026043
-44069.5	0.0000027465
-44064.5	0.000002935
-44059.5	0.00000393
-44054.5	0.00000232
-44049.5	0.0000026517
-44044.5	0.0000017987
-44039.5	0.0000028402
-44034.5	0.0000031246
-44029.5	0.000003551
-44024.5	0.000003409
-44019.5	0.0000020357
-44014.5	0.0000017987
-44009.5	0.0000022726
-44004.5	0.000003456
-43999.5	0.0000030772
-43994.5	0.0000016102
-43989.5	0.0000026991
-43984.5	0.000004071
-43979.5	0.0000029824
-43974.5	0.000003362
-43969.5	0.0000020357
-43964.5	0.0000030772
-43959.5	0.000002557
-43954.5	0.0000020831
-43949.5	0.0000018935
-43944.5	0.0000026517
-43939.5	0.0000025096
-43934.5	0.0000018461
-43929.5	0.000004119
-43924.5	0.0000020831
-43919.5	0.0000019883
-43914.5	0.0000022252
-43909.5	0.000001468
-43904.5	0.0000021778
-43899.5	0.0000019883
-43894.5	0.000002557
-43889.5	0.0000021304
-43884.5	0.0000025096
-43879.5	0.0000025096
-43874.5	0.0000029824
-43869.5	0.0000030772
-43864.5	0.0000013733
-43859.5	0.0000017987
-43854.5	0.0000027465
-43849.5	0.000002557
-43844.5	0.0000021778
-43839.5	0.0000017987
-43834.5	0.0000019883
-43829.5	0.0000024622
-43824.5	0.0000019409
-43819.5	0.0000024148
-43814.5	0.00000232
-43809.5	0.0000019409
-43804.5	0.0000022252
-43799.5	0.0000021304
-43794.5	0.000002557
-43789.5	0.0000026517
-43784.5	0.000003219
-43779.5	0.0000025096
-43774.5	0.0000016102
-43769.5	0.0000029824
-43764.5	0.0000019409
-43759.5	0.0000016576
-43754.5	0.000003362
-43749.5	0.000004166
-43744.5	0.0000017987
-43739.5	0.0000016576
-43734.5	0.0000026043
-43729.5	0.000002557
-43724.5	0.0000031246
-43719.5	0.0000022726
-43714.5	0.0000031246
-43709.5	0.0000025096
-43704.5	0.000002935
-43699.5	0.000004166
-43694.5	0.000003504
-43689.5	0.000002557
-43684.5	0.000003219
-43679.5	0.000003219
-43674.5	0.000002557
-43669.5	0.0000022726
-43664.5	0.000003456
-43659.5	0.000003646
-43654.5	0.000004308
-43649.5	0.0000025096
-43644.5	0.0000030298
-43639.5	0.0000028876
-43634.5	0.000004356
-43629.5	0.000003219
-43624.5	0.0000026991
-43619.5	0.000003172
-43614.5	0.000002935
-43609.5	0.000003409
-43604.5	0.000003978
-43599.5	0.000003409
-43594.5	0.000003835
-43589.5	0.0000028402
-43584.5	0.0000030298
-43579.5	0.000003267
-43574.5	0.0000025096
-43569.5	0.000003267
-43564.5	0.000003409
-43559.5	0.00000374
-43554.5	0.000003267
-43549.5	0.0000028413
-43544.5	0.0000028876
-43539.5	0.000003219
-43534.5	0.000004356
-43529.5	0.000003693
-43524.5	0.000003314
-43519.5	0.000003646
-43514.5	0.0000027465
-43509.5	0.000003646
-43504.5	0.0000027939
-43499.5	0.000003172
-43494.5	0.000003456
-43489.5	0.0000028876
-43484.5	0.000003646
-43479.5	0.000003978
-43474.5	0.0000029361
-43469.5	0.000003172
-43464.5	0.000004213
-43459.5	0.000005539
-43454.5	0.000002557
-43449.5	0.000002935
-43444.5	0.000003172
-43439.5	0.0000026517
-43434.5	0.00000483
-43429.5	0.0000031246
-43424.5	0.000003551
-43419.5	0.0000027465
-43414.5	0.000003267
-43409.5	0.000003693
-43404.5	0.000003551
-43399.5	0.0000029824
-43394.5	0.000002557
-43389.5	0.000003978
-43384.5	0.000005067
-43379.5	0.000004025
-43374.5	0.0000030298
-43369.5	0.0000024148
-43364.5	0.000003456
-43359.5	0.000002557
-43354.5	0.000002557
-43349.5	0.000003551
-43344.5	0.0000030772
-43339.5	0.000003883
-43334.5	0.000003409
-43329.5	0.000003456
-43324.5	0.000003409
-43319.5	0.00000445
-43314.5	0.000003456
-43309.5	0.000004119
-43304.5	0.000003409
-43299.5	0.000004593
-43294.5	0.000003314
-43289.5	0.000003267
-43284.5	0.0000030772
-43279.5	0.000004782
-43274.5	0.000003362
-43269.5	0.000003409
-43264.5	0.000004593
-43259.5	0.000003409
-43254.5	0.000003362
-43249.5	0.000004072
-43244.5	0.000003788
-43239.5	0.00000483
-43234.5	0.000004166
-43229.5	0.0000026043
-43224.5	0.000004687
-43219.5	0.0000027465
-43214.5	0.00000464
-43209.5	0.00000483
-43204.5	0.000004308
-43199.5	0.000003409
-43194.5	0.0000030298
-43189.5	0.000003219
-43184.5	0.0000029824
-43179.5	0.000003409
-43174.5	0.000003741
-43169.5	0.000004782
-43164.5	0.0000029824
-43159.5	0.000004166
-43154.5	0.00000464
-43149.5	0.0000024148
-43144.5	0.000003741
-43139.5	0.000004735
-43134.5	0.0000028402
-43129.5	0.000003267
-43124.5	0.0000028402
-43119.5	0.000004213
-43114.5	0.000004213
-43109.5	0.000004025
-43104.5	0.000005682
-43099.5	0.000004071
-43094.5	0.000003409
-43089.5	0.000003741
-43084.5	0.000004072
-43079.5	0.000006486
-43074.5	0.000004498
-43069.5	0.00000445
-43064.5	0.000005019
-43059.5	0.000004024
-43054.5	0.000003788
-43049.5	0.000004735
-43044.5	0.000004877
-43039.5	0.000004024
-43034.5	0.000004403
-43029.5	0.000004545
-43024.5	0.000003977
-43019.5	0.000005161
-43014.5	0.000004119
-43009.5	0.000005587
-43004.5	0.0000029824
-42999.5	0.000003598
-42994.5	0.000003788
-42989.5	0.000005067
-42984.5	0.000004593
-42979.5	0.000003646
-42974.5	0.000004972
-42969.5	0.000004924
-42964.5	0.000005113
-42959.5	0.000005682
-42954.5	0.000005539
-42949.5	0.000004972
-42944.5	0.000003504
-42939.5	0.000005397
-42934.5	0.000005445
-42929.5	0.000004782
-42924.5	0.000005918
-42919.5	0.000003409
-42914.5	0.000007954
-42909.5	0.000004024
-42904.5	0.000004877
-42899.5	0.000004782
-42894.5	0.000003882
-42889.5	0.000004687
-42884.5	0.000005397
-42879.5	0.000004261
-42874.5	0.000005634
-42869.5	0.00000464
-42864.5	0.000004735
-42859.5	0.000005019
-42854.5	0.000004213
-42849.5	0.000005397
-42844.5	0.000004213
-42839.5	0.00000464
-42834.5	0.000005918
-42829.5	0.000005256
-42824.5	0.000003504
-42819.5	0.000004498
-42814.5	0.000005634
-42809.5	0.000005871
-42804.5	0.000005065
-42799.5	0.000006913
-42794.5	0.000007859
-42789.5	0.000005634
-42784.5	0.000004687
-42779.5	0.000003693
-42774.5	0.000005729
-42769.5	0.000003598
-42764.5	0.000006913
-42759.5	0.000004166
-42754.5	0.000005256
-42749.5	0.000007859
-42744.5	0.000005682
-42739.5	0.000004593
-42734.5	0.000005113
-42729.5	0.000004735
-42724.5	0.000006345
-42719.5	0.000004213
-42714.5	0.000006581
-42709.5	0.000005824
-42704.5	0.000004782
-42699.5	0.000004119
-42694.5	0.00000715
-42689.5	0.000007385
-42684.5	0.000005445
-42679.5	0.000003788
-42674.5	0.00000696
-42669.5	0.000005256
-42664.5	0.000005682
-42659.5	0.00000535
-42654.5	0.000005966
-42649.5	0.000004972
-42644.5	0.000005729
-42639.5	0.00000516
-42634.5	0.000006723
-42629.5	0.000005019
-42624.5	0.000005871
-42619.5	0.000006108
-42614.5	0.000007007
-42609.5	0.000006107
-42604.5	0.000004687
-42599.5	0.000005492
-42594.5	0.000005587
-42589.5	0.000005682
-42584.5	0.000006155
-42579.5	0.000005587
-42574.5	0.000006297
-42569.5	0.000006865
-42564.5	0.000008381
-42559.5	0.00000535
-42554.5	0.000005302
-42549.5	0.000006013
-42544.5	0.000006818
-42539.5	0.000004972
-42534.5	0.000005208
-42529.5	0.000005445
-42524.5	0.000004356
-42519.5	0.000007575
-42514.5	0.00000928
-42509.5	0.000005113
-42504.5	0.00000535
-42499.5	0.000006108
-42494.5	0.000003883
-42489.5	0.00000625
-42484.5	0.000003929
-42479.5	0.00000748
-42474.5	0.000005729
-42469.5	0.000007481
-42464.5	0.000007244
-42459.5	0.000005019
-42454.5	0.000007055
-42449.5	0.000005256
-42444.5	0.00000767
-42439.5	0.000006061
-42434.5	0.000006676
-42429.5	0.000007528
-42424.5	0.000005966
-42419.5	0.000008238
-42414.5	0.000005776
-42409.5	0.000006723
-42404.5	0.000006723
-42399.5	0.000007243
-42394.5	0.000006865
-42389.5	0.000007481
-42384.5	0.00000644
-42379.5	0.000008381
-42374.5	0.000004545
-42369.5	0.000006581
-42364.5	0.000005114
-42359.5	0.000007907
-42354.5	0.000005397
-42349.5	0.000007434
-42344.5	0.000005918
-42339.5	0.000007007
-42334.5	0.000009612
-42329.5	0.000007244
-42324.5	0.000007434
-42319.5	0.000005634
-42314.5	0.000006108
-42309.5	0.000006533
-42304.5	0.00000857
-42299.5	0.000008333
-42294.5	0.000006913
-42289.5	0.000008428
-42284.5	0.000005776
-42279.5	0.000004545
-42274.5	0.000004924
-42269.5	0.000008855
-42264.5	0.000006439
-42259.5	0.000005682
-42254.5	0.000008333
-42249.5	0.000008238
-42244.5	0.000007859
-42239.5	0.000007907
-42234.5	0.000007434
-42229.5	0.000008191
-42224.5	0.000007385
-42219.5	0.000007859
-42214.5	0.000006439
-42209.5	0.000007102
-42204.5	0.000006676
-42199.5	0.000008049
-42194.5	0.000006581
-42189.5	0.000007622
-42184.5	0.000007622
-42179.5	0.000006676
-42174.5	0.000007007
-42169.5	0.000007859
-42164.5	0.000008096
-42159.5	0.000008523
-42154.5	0.000008333
-42149.5	0.000009327
-42144.5	0.00000748
-42139.5	0.000008049
-42134.5	0.000008948
-42129.5	0.00000748
-42124.5	0.000005492
-42119.5	0.000009896
-42114.5	0.000007149
-42109.5	0.000007859
-42104.5	0.00000767
-42099.5	0.000006913
-42094.5	0.000008428
-42089.5	0.000008759
-42084.5	0.000007197
-42079.5	0.000005966
-42074.5	0.000010037
-42069.5	0.000007007
-42064.5	0.000008049
-42059.5	0.00000715
-42054.5	0.000008759
-42049.5	0.000008474
-42044.5	0.000009563
-42039.5	0.000008049
-42034.5	0.00000928
-42029.5	0.000008096
-42024.5	0.000007433
-42019.5	0.000010747
-42014.5	0.00000909
-42009.5	0.000006676
-42004.5	0.000008191
-41999.5	0.000009848
-41994.5	0.000010843
-41989.5	0.000007812
-41984.5	0.000008569
-41979.5	0.000008475
-41974.5	0.000009469
-41969.5	0.000006581
-41964.5	0.000008144
-41959.5	0.000010322
-41954.5	0.000010227
-41949.5	0.000008853
-41944.5	0.000008759
-41939.5	0.000008428
-41934.5	0.000009895
-41929.5	0.000009896
-41924.5	0.000009327
-41919.5	0.000008191
-41914.5	0.000010227
-41909.5	0.000006818
-41904.5	0.000010037
-41899.5	0.000007528
-41894.5	0.000007529
-41889.5	0.000010132
-41884.5	0.000009611
-41879.5	0.00000819
-41874.5	0.000011363
-41869.5	0.000007387
-41864.5	0.000010464
-41859.5	0.000010511
-41854.5	0.000010179
-41849.5	0.000007338
-41844.5	0.000008806
-41839.5	0.000011837
-41834.5	0.000009422
-41829.5	0.000010038
-41824.5	0.000008238
-41819.5	0.000008806
-41814.5	0.000007434
-41809.5	0.000010938
-41804.5	0.000011884
-41799.5	0.000010274
-41794.5	0.000007859
-41789.5	0.000012689
-41784.5	0.000010369
-41779.5	0.000011269
-41774.5	0.000008853
-41769.5	0.000010227
-41764.5	0.000009895
-41759.5	0.000010558
-41754.5	0.000010464
-41749.5	0.000007954
-41744.5	0.000009848
-41739.5	0.000010511
-41734.5	0.00001141
-41729.5	0.000009422
-41724.5	0.000011836
-41719.5	0.000012642
-41714.5	0.000012925
-41709.5	0.000008523
-41704.5	0.000009801
-41699.5	0.000009327
-41694.5	0.000013257
-41689.5	0.00001231
-41684.5	0.000012784
-41679.5	0.000013778
-41674.5	0.000010889
-41669.5	0.000010842
-41664.5	0.000007102
-41659.5	0.00001212
-41654.5	0.000014251
-41649.5	0.00001463
-41644.5	0.000010748
-41639.5	0.000012973
-41634.5	0.000009517
-41629.5	0.000011884
-41624.5	0.000013114
-41619.5	0.000011032
-41614.5	0.000010937
-41609.5	0.000012784
-41604.5	0.000012926
-41599.5	0.000010227
-41594.5	0.000014062
-41589.5	0.000013636
-41584.5	0.000012642
-41579.5	0.000012878
-41574.5	0.000011363
-41569.5	0.000010653
-41564.5	0.000011695
-41559.5	0.000010985
-41554.5	0.000009707
-41549.5	0.000013162
-41544.5	0.000010701
-41539.5	0.000012642
-41534.5	0.000007292
-41529.5	0.000013588
-41524.5	0.000012784
-41519.5	0.000012831
-41514.5	0.000015246
-41509.5	0.000014157
-41504.5	0.000010416
-41499.5	0.000012689
-41494.5	0.000012642
-41489.5	0.000014914
-41484.5	0.000012926
-41479.5	0.000010179
-41474.5	0.000014488
-41469.5	0.000010985
-41464.5	0.00001231
-41459.5	0.000011553
-41454.5	0.000011505
-41449.5	0.000010794
-41444.5	0.000010274
-41439.5	0.000013399
-41434.5	0.000012452
-41429.5	0.000014441
-41424.5	0.000012689
-41419.5	0.000013163
-41414.5	0.000014772
-41409.5	0.000016145
-41404.5	0.000013305
-41399.5	0.000014252
-41394.5	0.000012736
-41389.5	0.000012736
-41384.5	0.000010511
-41379.5	0.000013351
-41374.5	0.000016524
-41369.5	0.000017754
-41364.5	0.000014298
-41359.5	0.000010653
-41354.5	0.000015056
-41349.5	0.00001444
-41344.5	0.000011932
-41339.5	0.000015861
-41334.5	0.000017424
-41329.5	0.000014062
-41324.5	0.000015908
-41319.5	0.000017045
-41314.5	0.000012074
-41309.5	0.000015672
-41304.5	0.000015435
-41299.5	0.000017708
-41294.5	0.000013399
-41289.5	0.00001643
-41284.5	0.000014772
-41279.5	0.000015197
-41274.5	0.000014819
-41269.5	0.000013588
-41264.5	0.000014536
-41259.5	0.000012452
-41254.5	0.000015767
-41249.5	0.000014252
-41244.5	0.000019175
-41239.5	0.000012831
-41234.5	0.000014819
-41229.5	0.000012547
-41224.5	0.000012594
-41219.5	0.000018844
-41214.5	0.000013541
-41209.5	0.000018607
-41204.5	0.000016192
-41199.5	0.000013447
-41194.5	0.000016997
-41189.5	0.000014014
-41184.5	0.000017329
-41179.5	0.000016572
-41174.5	0.000016667
-41169.5	0.000014867
-41164.5	0.000017092
-41159.5	0.00001373
-41154.5	0.000015198
-41149.5	0.00001392
-41144.5	0.000017046
-41139.5	0.000017187
-41134.5	0.000015198
-41129.5	0.000015151
-41124.5	0.000020455
-41119.5	0.000016903
-41114.5	0.000018182
-41109.5	0.000014726
-41104.5	0.00001785
-41099.5	0.000020265
-41094.5	0.000015813
-41089.5	0.000016287
-41084.5	0.000020169
-41079.5	0.000024006
-41074.5	0.000014819
-41069.5	0.000019838
-41064.5	0.000014582
-41059.5	0.00001714
-41054.5	0.000019034
-41049.5	0.00001875
-41044.5	0.000021496
-41039.5	0.000016098
-41034.5	0.000015719
-41029.5	0.000022348
-41024.5	0.000018702
-41019.5	0.000017471
-41014.5	0.000018323
-41009.5	0.000018607
-41004.5	0.000015766
-40999.5	0.000018323
-40994.5	0.000019933
-40989.5	0.000019838
-40984.5	0.000019791
-40979.5	0.000015956
-40974.5	0.00001444
-40969.5	0.000020548
-40964.5	0.000021922
-40959.5	0.000022869
-40954.5	0.000020265
-40949.5	0.00001927
-40944.5	0.000015104
-40939.5	0.000017234
-40934.5	0.00002249
-40929.5	0.000018939
-40924.5	0.000027272
-40919.5	0.000021779
-40914.5	0.000021495
-40909.5	0.000018087
-40904.5	0.00001927
-40899.5	0.000026041
-40894.5	0.000020454
-40889.5	0.000023153
-40884.5	0.000020833
-40879.5	0.000024384
-40874.5	0.000025757
-40869.5	0.000027225
-40864.5	0.000019318
-40859.5	0.00002159
-40854.5	0.000019365
-40849.5	0.000023957
-40844.5	0.000020689
-40839.5	0.000023105
-40834.5	0.000026893
-40829.5	0.000021401
-40824.5	0.000018938
-40819.5	0.000021827
-40814.5	0.000022253
-40809.5	0.000025567
-40804.5	0.00001837
-40799.5	0.000017612
-40794.5	0.000021685
-40789.5	0.000020549
-40784.5	0.000021874
-40779.5	0.000022111
-40774.5	0.000024715
-40769.5	0.000023105
-40764.5	0.000023436
-40759.5	0.000022443
-40754.5	0.000022632
-40749.5	0.000021307
-40744.5	0.000025142
-40739.5	0.000020785
-40734.5	0.000026419
-40729.5	0.000021164
-40724.5	0.000024668
-40719.5	0.000025709
-40714.5	0.000023721
-40709.5	0.000023532
-40704.5	0.000021211
-40699.5	0.000026988
-40694.5	0.000019554
-40689.5	0.000024526
-40684.5	0.000028409
-40679.5	0.000024336
-40674.5	0.000028503
-40669.5	0.000021354
-40664.5	0.000022111
-40659.5	0.000026514
-40654.5	0.000020075
-40649.5	0.000031107
-40644.5	0.000027082
-40639.5	0.000024668
-40634.5	0.000023437
-40629.5	0.000022442
-40624.5	0.000024194
-40619.5	0.000025283
-40614.5	0.00003513
-40609.5	0.000023058
-40604.5	0.000027461
-40599.5	0.000027178
-40594.5	0.000029829
-40589.5	0.000026419
-40584.5	0.000022158
-40579.5	0.000022774
-40574.5	0.000024194
-40569.5	0.000029686
-40564.5	0.000027272
-40559.5	0.000024715
-40554.5	0.000022679
-40549.5	0.000024905
-40544.5	0.00002874
-40539.5	0.000027603
-40534.5	0.000027981
-40529.5	0.00003177
-40524.5	0.000030539
-40519.5	0.00003437
-40514.5	0.000024904
-40509.5	0.0000322
-40504.5	0.000030917
-40499.5	0.000025852
-40494.5	0.000027508
-40489.5	0.000027177
-40484.5	0.000028456
-40479.5	0.00003215
-40474.5	0.00003655
-40469.5	0.00003755
-40464.5	0.000030775
-40459.5	0.000024005
-40454.5	0.00003849
-40449.5	0.000026941
-40444.5	0.000030444
-40439.5	0.000030114
-40434.5	0.00003286
-40429.5	0.0000365
-40424.5	0.000031249
-40419.5	0.000028551
-40414.5	0.00003603
-40409.5	0.000025947
-40404.5	0.00003385
-40399.5	0.00003158
-40394.5	0.00003035
-40389.5	0.00003239
-40384.5	0.00003366
-40379.5	0.000026372
-40374.5	0.000030918
-40369.5	0.000031107
-40364.5	0.000029923
-40359.5	0.00003589
-40354.5	0.000031486
-40349.5	0.00003319
-40344.5	0.000030539
-40339.5	0.000025899
-40334.5	0.00003546
-40329.5	0.000024667
-40324.5	0.00003546
-40319.5	0.00003357
-40314.5	0.00003613
-40309.5	0.000030966
-40304.5	0.00003703
-40299.5	0.00003243
-40294.5	0.00003755
-40289.5	0.00003276
-40284.5	0.00003721
-40279.5	0.00003745
-40274.5	0.00003897
-40269.5	0.00003669
-40264.5	0.00003944
-40259.5	0.00004006
-40254.5	0.0000322
-40249.5	0.00003755
-40244.5	0.00003892
-40239.5	0.00003864
-40234.5	0.00004285
-40229.5	0.00004394
-40224.5	0.00004053
-40219.5	0.00003542
-40214.5	0.00004313
-40209.5	0.00004323
-40204.5	0.00003996
-40199.5	0.00004943
-40194.5	0.00004545
-40189.5	0.00003963
-40184.5	0.0000374
-40179.5	0.00003972
-40174.5	0.00003504
-40169.5	0.00003475
-40164.5	0.00004053
-40159.5	0.00004072
-40154.5	0.00004678
-40149.5	0.00004574
-40144.5	0.0000392
-40139.5	0.00003972
-40134.5	0.00004114
-40129.5	0.00004081
-40124.5	0.00004323
-40119.5	0.00005151
-40114.5	0.00004313
-40109.5	0.00005284
-40104.5	0.00004365
-40099.5	0.00004706
-40094.5	0.00004162
-40089.5	0.00004247
-40084.5	0.00005113
-40079.5	0.00005061
-40074.5	0.00004957
-40069.5	0.00004332
-40064.5	0.0000464
-40059.5	0.00004389
-40054.5	0.00004612
-40049.5	0.00004015
-40044.5	0.00005667
-40039.5	0.00005544
-40034.5	0.00005213
-40029.5	0.00004881
-40024.5	0.00003523
-40019.5	0.00005426
-40014.5	0.00005308
-40009.5	0.00005431
-40004.5	0.00005123
-39999.5	0.00004214
-39994.5	0.00004858
-39989.5	0.00005246
-39984.5	0.00005971
-39979.5	0.00005473
-39974.5	0.00005648
-39969.5	0.0000455
-39964.5	0.00006501
-39959.5	0.00005525
-39954.5	0.00005237
-39949.5	0.00004782
-39944.5	0.00005459
-39939.5	0.00005734
-39934.5	0.00005971
-39929.5	0.00005246
-39924.5	0.00005246
-39919.5	0.00005686
-39914.5	0.00004929
-39909.5	0.00006477
-39904.5	0.00005066
-39899.5	0.000058
-39894.5	0.00005999
-39889.5	0.00005724
-39884.5	0.00005904
-39879.5	0.00006297
-39874.5	0.0000696
-39869.5	0.00005933
-39864.5	0.00005795
-39859.5	0.00006013
-39854.5	0.00006217
-39849.5	0.00006861
-39844.5	0.0000563
-39839.5	0.00006307
-39834.5	0.0000616
-39829.5	0.00006037
-39824.5	0.00005871
-39819.5	0.00005866
-39814.5	0.00006671
-39809.5	0.00006662
-39804.5	0.0000642
-39799.5	0.00006146
-39794.5	0.00006472
-39789.5	0.00006193
-39784.5	0.00006321
-39779.5	0.00006823
-39774.5	0.00006775
-39769.5	0.00006477
-39764.5	0.00007604
-39759.5	0.00006719
-39754.5	0.00006865
-39749.5	0.00007102
-39744.5	0.00006089
-39739.5	0.00006861
-39734.5	0.0000776
-39729.5	0.00008201
-39724.5	0.00005691
-39719.5	0.00005715
-39714.5	0.00007471
-39709.5	0.00007149
-39704.5	0.00007296
-39699.5	0.00006264
-39694.5	0.00007405
-39689.5	0.00007244
-39684.5	0.00007448
-39679.5	0.0000606
-39674.5	0.00006184
-39669.5	0.0000856
-39664.5	0.00007755
-39659.5	0.0000678
-39654.5	0.00006889
-39649.5	0.00007917
-39644.5	0.00006458
-39639.5	0.00007031
-39634.5	0.00007467
-39629.5	0.00007339
-39624.5	0.00006704
-39619.5	0.00008939
-39614.5	0.00007841
-39609.5	0.00008205
-39604.5	0.000084
-39599.5	0.00007481
-39594.5	0.00007926
-39589.5	0.00008646
-39584.5	0.00008632
-39579.5	0.00009034
-39574.5	0.00007694
-39569.5	0.00008854
-39564.5	0.00009706
-39559.5	0.00008404
-39554.5	0.00008172
-39549.5	0.0000902
-39544.5	0.00009219
-39539.5	0.00007902
-39534.5	0.00008328
-39529.5	0.00009228
-39524.5	0.00007879
-39519.5	0.00007272
-39514.5	0.00008565
-39509.5	0.00008054
-39504.5	0.00008016
-39499.5	0.00008622
-39494.5	0.00007192
-39489.5	0.00010269
-39484.5	0.00009095
-39479.5	0.00008603
-39474.5	0.00008655
-39469.5	0.00009753
-39464.5	0.00010606
-39459.5	0.00008357
-39454.5	0.00009342
-39449.5	0.00008267
-39444.5	0.00008267
-39439.5	0.00010923
-39434.5	0.00010019
-39429.5	0.00008433
-39424.5	0.00008546
-39419.5	0.00010033
-39414.5	0.00008953
-39409.5	0.00010412
-39404.5	0.0001027
-39399.5	0.0000982
-39394.5	0.00009616
-39389.5	0.00009957
-39384.5	0.0001072
-39379.5	0.00009739
-39374.5	0.00010776
-39369.5	0.00010199
-39364.5	0.00010123
-39359.5	0.00011344
-39354.5	0.00009498
-39349.5	0.00011022
-39344.5	0.00010388
-39339.5	0.00011591
-39334.5	0.00011733
-39329.5	0.00011747
-39324.5	0.00012249
-39319.5	0.00011108
-39314.5	0.00011141
-39309.5	0.00012301
-39304.5	0.0001116
-39299.5	0.00011998
-39294.5	0.00011728
-39289.5	0.00011624
-39284.5	0.0001268
-39279.5	0.00011685
-39274.5	0.0001232
-39269.5	0.00011202
-39264.5	0.00011439
-39259.5	0.00011477
-39254.5	0.00013565
-39249.5	0.00013172
-39244.5	0.00012017
-39239.5	0.00011647
-39234.5	0.00012324
-39229.5	0.00013679
-39224.5	0.00009654
-39219.5	0.00012561
-39214.5	0.00012571
-39209.5	0.00012182
-39204.5	0.00013726
-39199.5	0.00013309
-39194.5	0.00013759
-39189.5	0.00013461
-39184.5	0.00012751
-39179.5	0.00014252
-39174.5	0.00012888
-39169.5	0.0001285
-39164.5	0.00012126
-39159.5	0.00013688
-39154.5	0.00012424
-39149.5	0.00013882
-39144.5	0.00013096
-39139.5	0.00012623
-39134.5	0.00014228
-39129.5	0.00014569
-39124.5	0.00014072
-39119.5	0.00014427
-39114.5	0.00015686
-39109.5	0.00014271
-39104.5	0.00014427
-39099.5	0.00013915
-39094.5	0.0001642
-39089.5	0.00013802
-39084.5	0.00016302
-39079.5	0.00014881
-39074.5	0.00013106
-39069.5	0.00014242
-39064.5	0.0001661
-39059.5	0.0001499
-39054.5	0.00016567
-39049.5	0.00015871
-39044.5	0.00015662
-39039.5	0.00015445
-39034.5	0.00017841
-39029.5	0.00016179
-39024.5	0.0001633
-39019.5	0.00017727
-39014.5	0.0001732
-39009.5	0.00017201
-39004.5	0.00017135
-38999.5	0.00017855
-38994.5	0.00019351
-38989.5	0.00018011
-38984.5	0.00018049
-38979.5	0.00016827
-38974.5	0.00018451
-38969.5	0.0001606
-38964.5	0.00017078
-38959.5	0.00017452
-38954.5	0.00017495
-38949.5	0.00020071
-38944.5	0.00018589
-38939.5	0.00018546
-38934.5	0.00020814
-38929.5	0.00018626
-38924.5	0.00019786
-38919.5	0.00018394
-38914.5	0.00018835
-38909.5	0.00018697
-38904.5	0.00018607
-38899.5	0.0002169
-38894.5	0.00019644
-38889.5	0.00018304
-38884.5	0.00018783
-38879.5	0.00022627
-38874.5	0.00018622
-38869.5	0.00019493
-38864.5	0.00021112
-38859.5	0.00019445
-38854.5	0.00021046
-38849.5	0.00021193
-38844.5	0.00017594
-38839.5	0.00021534
-38834.5	0.00020781
-38829.5	0.00023219
-38824.5	0.00019488
-38819.5	0.00023342
-38814.5	0.00021808
-38809.5	0.0002168
-38804.5	0.00022817
-38799.5	0.00021917
-38794.5	0.00022523
-38789.5	0.0002471
-38784.5	0.0002142
-38779.5	0.00025634
-38774.5	0.00023281
-38769.5	0.0002151
-38764.5	0.00024602
-38759.5	0.00025449
-38754.5	0.00025544
-38749.5	0.00024204
-38744.5	0.00023986
-38739.5	0.00024526
-38734.5	0.00021226
-38729.5	0.00028352
-38724.5	0.0002463
-38719.5	0.00025184
-38714.5	0.00027603
-38709.5	0.00025274
-38704.5	0.00028754
-38699.5	0.00025833
-38694.5	0.00026676
-38689.5	0.00026226
-38684.5	0.00025662
-38679.5	0.00026879
-38674.5	0.0002686
-38669.5	0.00029303
-38664.5	0.00029213
-38659.5	0.0002891
-38654.5	0.00027481
-38649.5	0.00026969
-38644.5	0.00027949
-38639.5	0.00026766
-38634.5	0.000323
-38629.5	0.00027381
-38624.5	0.000326
-38619.5	0.00028461
-38614.5	0.00030236
-38609.5	0.0003347
-38604.5	0.00028934
-38599.5	0.000308
-38594.5	0.00028413
-38589.5	0.0003571
-38584.5	0.00029758
-38579.5	0.0003338
-38574.5	0.0003483
-38569.5	0.0003169
-38564.5	0.000322
-38559.5	0.0003217
-38554.5	0.0003409
-38549.5	0.0003308
-38544.5	0.0003444
-38539.5	0.0003539
-38534.5	0.0003543
-38529.5	0.0003325
-38524.5	0.0003416
-38519.5	0.0003668
-38514.5	0.0003762
-38509.5	0.0003565
-38504.5	0.0003548
-38499.5	0.0003419
-38494.5	0.0003553
-38489.5	0.0003659
-38484.5	0.0004147
-38479.5	0.0003837
-38474.5	0.0003759
-38469.5	0.0003772
-38464.5	0.0004031
-38459.5	0.0003924
-38454.5	0.0003975
-38449.5	0.0003886
-38444.5	0.0003902
-38439.5	0.0004101
-38434.5	0.0004537
-38429.5	0.0004023
-38424.5	0.0004204
-38419.5	0.0004469
-38414.5	0.0004415
-38409.5	0.0004221
-38404.5	0.0004505
-38399.5	0.0003775
-38394.5	0.0004118
-38389.5	0.000416
-38384.5	0.0004558
-38379.5	0.0004895
-38374.5	0.0004785
-38369.5	0.0004909
-38364.5	0.000454
-38359.5	0.0004683
-38354.5	0.0004499
-38349.5	0.0004894
-38344.5	0.0004827
-38339.5	0.0004777
-38334.5	0.0005063
-38329.5	0.0004466
-38324.5	0.0004973
-38319.5	0.0005095
-38314.5	0.0004455
-38309.5	0.0004963
-38304.5	0.0005091
-38299.5	0.0005165
-38294.5	0.0004975
-38289.5	0.0005274
-38284.5	0.0005487
-38279.5	0.0004902
-38274.5	0.0005555
-38269.5	0.0005111
-38264.5	0.0005303
-38259.5	0.0005067
-38254.5	0.0005059
-38249.5	0.0005295
-38244.5	0.0005503
-38239.5	0.0005077
-38234.5	0.0005805
-38229.5	0.0005802
-38224.5	0.0005629
-38219.5	0.0005719
-38214.5	0.000623
-38209.5	0.0006079
-38204.5	0.0006163
-38199.5	0.0005989
-38194.5	0.0005992
-38189.5	0.0005911
-38184.5	0.0006364
-38179.5	0.0006243
-38174.5	0.000636
-38169.5	0.0006485
-38164.5	0.0006531
-38159.5	0.000673
-38154.5	0.0006354
-38149.5	0.0006639
-38144.5	0.0006934
-38139.5	0.0006669
-38134.5	0.0006939
-38129.5	0.0006723
-38124.5	0.0006782
-38119.5	0.0006899
-38114.5	0.0007501
-38109.5	0.0007925
-38104.5	0.0006798
-38099.5	0.0007146
-38094.5	0.0007308
-38089.5	0.0007193
-38084.5	0.0007336
-38079.5	0.0007755
-38074.5	0.0007424
-38069.5	0.0007498
-38064.5	0.000809
-38059.5	0.0007465
-38054.5	0.0007643
-38049.5	0.0008566
-38044.5	0.0007683
-38039.5	0.0008038
-38034.5	0.0007632
-38029.5	0.0008477
-38024.5	0.0008635
-38019.5	0.0007866
-38014.5	0.0008318
-38009.5	0.0008584
-38004.5	0.0007858
-37999.5	0.0008475
-37994.5	0.0008488
-37989.5	0.0009322
-37984.5	0.0008917
-37979.5	0.0009005
-37974.5	0.0008702
-37969.5	0.0008979
-37964.5	0.0008989
-37959.5	0.0009441
-37954.5	0.0009239
-37949.5	0.0009006
-37944.5	0.0009168
-37939.5	0.0008869
-37934.5	0.0009447
-37929.5	0.0009949
-37924.5	0.0009683
-37919.5	0.000907
-37914.5	0.0009972
-37909.5	0.0010253
-37904.5	0.0009577
-37899.5	0.0009612
-37894.5	0.0010226
-37889.5	0.0009115
-37884.5	0.0009408
-37879.5	0.000996
-37874.5	0.0009178
-37869.5	0.0010158
-37864.5	0.0009612
-37859.5	0.0009398
-37854.5	0.0009952
-37849.5	0.0009685
-37844.5	0.0009738
-37839.5	0.0009561
-37834.5	0.0009248
-37829.5	0.0010531
-37824.5	0.0009764
-37819.5	0.0009109
-37814.5	0.0008945
-37809.5	0.0009921
-37804.5	0.0009036
-37799.5	0.0008609
-37794.5	0.0009539
-37789.5	0.0009032
-37784.5	0.0010123
-37779.5	0.0009103
-37774.5	0.0009258
-37769.5	0.0008515
-37764.5	0.0008646
-37759.5	0.0009531
-37754.5	0.0008942
-37749.5	0.0009047
-37744.5	0.0009473
-37739.5	0.0009858
-37734.5	0.0009675
-37729.5	0.0008511
-37724.5	0.0008009
-37719.5	0.0009185
-37714.5	0.0008685
-37709.5	0.0009387
-37704.5	0.0008827
-37699.5	0.0008777
-37694.5	0.000828
-37689.5	0.0009321
-37684.5	0.0008113
-37679.5	0.0008104
-37674.5	0.0007801
-37669.5	0.0008024
-37664.5	0.0007588
-37659.5	0.0007652
-37654.5	0.0007649
-37649.5	0.0007757
-37644.5	0.0006873
-37639.5	0.0007407
-37634.5	0.0006964
-37629.5	0.0006467
-37624.5	0.0007179
-37619.5	0.0006371
-37614.5	0.0006074
-37609.5	0.0006543
-37604.5	0.0006084
-37599.5	0.0006154
-37594.5	0.0005646
-37589.5	0.0005924
-37584.5	0.0006163
-37579.5	0.0005639
-37574.5	0.0005355
-37569.5	0.0005003
-37564.5	0.0004958
-37559.5	0.0004912
-37554.5	0.0005022
-37549.5	0.0004552
-37544.5	0.0004729
-37539.5	0.0004627
-37534.5	0.0003826
-37529.5	0.0003713
-37524.5	0.0003706
-37519.5	0.0003982
-37514.5	0.0003553
-37509.5	0.000375
-37504.5	0.0003387
-37499.5	0.00031457
-37494.5	0.00028555
-37489.5	0.00027722
-37484.5	0.00028205
-37479.5	0.00026766
-37474.5	0.00028929
-37469.5	0.0003424
-37464.5	0.00025998
-37459.5	0.00022424
-37454.5	0.00024839
-37449.5	0.00025213
-37444.5	0.000224
-37439.5	0.0001687
-37434.5	0.00019242
-37429.5	0.0001937
-37424.5	0.0001624
-37419.5	0.00016449
-37414.5	0.00016108
-37409.5	0.00018641
-37404.5	0.00014176
-37399.5	0.00010019
-37394.5	0.00011685
-37389.5	0.0001268
-37384.5	0.00011941
-37379.5	0.00010061
-37374.5	0.00013101
-37369.5	0.00008475
-37364.5	0.00006179
-37359.5	0.00008954
-37354.5	0.00007206
-37349.5	0.00006709
-37344.5	0.00008811
-37339.5	0.00006406
-37334.5	0.00005308
-37329.5	0.00006316
-37324.5	0.00005919
-37319.5	0.00003887
-37314.5	0.00005308
-37309.5	0.000027887
-37304.5	0.0000393
-37299.5	0.000024385
-37294.5	0.000024147
-37289.5	0.000028975
-37284.5	0.000015245
-37279.5	0.000017566
-37274.5	0.000023863
-37269.5	0.000022443
-37264.5	0.000014299
-37259.5	0.000022017
-37254.5	0.000011979
-37249.5	0.000013493
-37244.5	0.000007055
-37239.5	0.000015909
-37234.5	0.00000838
-37229.5	0.000011695
-37224.5	0.000004639
